281 281 273 281 283 281 281 281 281 281 
281 281 273 281 283 281 281 281 281 281 
273 273 273 273 273 273 273 273 273 273 
283 283 283 283 283 283 283 283 283 283 
281 281 273 281 283 281 281 281 281 281 
273 273 273 273 273 273 273 273 273 273 
283 283 283 283 283 283 283 283 283 283 
281 281 273 281 283 281 281 281 281 281 
273 273 273 273 273 273 273 273 273 273 
283 283 283 283 283 283 283 283 283 283 
281 281 273 281 283 281 281 281 281 281 
273 273 273 273 273 273 273 273 273 273 
283 283 283 283 283 283 283 283 283 283 
281 281 273 281 283 281 281 281 281 281 
273 273 273 273 273 273 273 273 273 273 
283 283 283 283 283 283 283 283 283 283 
281 281 273 281 283 281 281 281 281 281 
273 273 273 273 273 273 273 273 273 273 
283 283 283 283 283 283 283 283 283 283 
281 281 273 281 283 281 281 281 281 281 
273 273 273 273 273 273 273 273 273 273 
283 283 283 283 283 283 283 283 283 283 
281 281 273 281 283 281 281 281 281 281 
273 273 273 273 273 273 273 273 273 273 
283 283 283 283 283 283 283 283 283 283 
281 281 273 281 283 281 281 281 281 281 
273 273 273 273 273 273 273 273 273 273 
283 283 283 283 283 283 283 283 283 283 
281 281 273 281 283 281 281 281 281 281 
273 273 273 273 273 273 273 273 273 273 
283 283 283 283 283 283 283 283 283 283 
281 281 273 281 283 281 281 281 281 281 
273 273 273 273 273 273 273 273 273 273 
283 283 283 283 283 283 283 283 283 283 
281 281 273 281 283 281 281 281 281 281 
273 273 273 273 273 273 273 273 273 273 
283 283 283 283 283 283 283 283 283 283 
281 281 273 281 283 281 281 281 281 281 
273 273 273 273 273 273 273 273 273 273 
283 283 283 283 283 283 283 283 283 283 
281 281 273 281 283 281 281 281 281 281 
273 273 273 273 273 273 273 273 273 273 
283 283 283 283 283 283 283 283 283 283 
281 281 273 281 283 281 281 281 281 281 
273 273 273 273 273 273 273 273 273 273 
283 283 283 283 283 283 283 283 283 283 
281 281 273 281 283 281 281 281 281 281 
273 273 273 273 273 273 273 273 273 273 
283 283 283 283 283 283 283 283 283 283 
281 281 273 281 283 281 281 281 281 281 
273 273 273 273 273 273 273 273 273 273 
283 283 283 283 283 283 283 283 283 283 
281 281 273 281 283 281 281 281 281 281 
273 273 273 273 273 273 273 273 273 273 
283 283 283 283 283 283 283 283 283 283 
281 281 273 281 283 281 281 281 281 281 
273 273 273 273 273 273 273 273 273 273 
283 283 283 283 283 283 283 283 283 283 
281 281 273 281 283 281 281 281 281 281 
273 273 273 273 273 273 273 273 273 273 
283 283 283 283 283 283 283 283 283 283 
281 281 273 281 283 281 281 281 281 281 
273 273 273 273 273 273 273 273 273 273 
283 283 283 283 283 283 283 283 283 283 
281 281 273 281 283 281 281 281 281 281 
273 273 273 273 273 273 273 273 273 273 
283 283 283 283 283 283 283 283 283 283 
281 281 273 281 283 281 281 281 281 281 
273 273 273 273 273 273 273 273 273 273 
283 283 283 283 283 283 283 283 283 283 
281 281 273 281 283 281 281 281 281 281 
273 273 273 273 273 273 273 273 273 273 
283 283 283 283 283 283 283 283 283 283 
281 281 273 281 283 281 281 281 281 281 
273 273 273 273 273 273 273 273 273 273 
283 283 283 283 283 283 283 283 283 283 
281 281 273 281 283 281 281 281 281 281 
273 273 273 273 273 273 273 273 273 273 
283 283 283 283 283 283 283 283 283 283 
281 281 273 281 283 281 281 281 281 281 
273 273 273 273 273 273 273 273 273 273 
283 283 283 283 283 283 283 283 283 283 
281 281 273 281 283 281 281 281 281 281 
273 273 273 273 273 273 273 273 273 273 
283 283 283 283 283 283 283 283 283 283 
281 281 273 281 283 281 281 281 281 281 
273 273 273 273 273 273 273 273 273 273 
283 283 283 283 283 283 283 283 283 283 
