435 435 507 435 433 435 433 435 439 435 
435 435 507 435 433 435 433 435 439 435 
507 507 507 435 507 507 505 511 511 507 
433 433 433 433 433 433 433 433 433 433 
439 439 511 511 437 439 439 435 439 439 
435 435 507 435 433 435 433 435 439 435 
507 507 507 435 507 507 505 511 511 507 
433 433 433 433 433 433 433 433 433 433 
439 439 511 511 437 439 439 435 439 439 
505 505 433 433 507 505 505 509 505 505 
511 511 511 511 511 511 511 511 511 511 
437 437 437 509 437 437 439 433 433 437 
435 435 507 435 433 435 433 435 439 435 
507 507 507 435 507 507 505 511 511 507 
433 433 433 433 433 433 433 433 433 433 
439 439 511 511 437 439 439 435 439 439 
505 505 433 433 507 505 505 509 505 505 
511 511 511 511 511 511 511 511 511 511 
437 437 437 509 437 437 439 433 433 437 
509 509 437 509 511 509 511 509 505 509 
435 435 507 435 433 435 433 435 439 435 
507 507 507 435 507 507 505 511 511 507 
433 433 433 433 433 433 433 433 433 433 
439 439 511 511 437 439 439 435 439 439 
505 505 433 433 507 505 505 509 505 505 
511 511 511 511 511 511 511 511 511 511 
437 437 437 509 437 437 439 433 433 437 
509 509 437 509 511 509 511 509 505 509 
435 435 507 435 433 435 433 435 439 435 
507 507 507 435 507 507 505 511 511 507 
433 433 433 433 433 433 433 433 433 433 
439 439 511 511 437 439 439 435 439 439 
505 505 433 433 507 505 505 509 505 505 
511 511 511 511 511 511 511 511 511 511 
437 437 437 509 437 437 439 433 433 437 
509 509 437 509 511 509 511 509 505 509 
435 435 507 435 433 435 433 435 439 435 
507 507 507 435 507 507 505 511 511 507 
433 433 433 433 433 433 433 433 433 433 
439 439 511 511 437 439 439 435 439 439 
505 505 433 433 507 505 505 509 505 505 
511 511 511 511 511 511 511 511 511 511 
437 437 437 509 437 437 439 433 433 437 
509 509 437 509 511 509 511 509 505 509 
435 435 507 435 433 435 433 435 439 435 
507 507 507 435 507 507 505 511 511 507 
433 433 433 433 433 433 433 433 433 433 
439 439 511 511 437 439 439 435 439 439 
505 505 433 433 507 505 505 509 505 505 
511 511 511 511 511 511 511 511 511 511 
437 437 437 509 437 437 439 433 433 437 
509 509 437 509 511 509 511 509 505 509 
435 435 507 435 433 435 433 435 439 435 
507 507 507 435 507 507 505 511 511 507 
433 433 433 433 433 433 433 433 433 433 
439 439 511 511 437 439 439 435 439 439 
505 505 433 433 507 505 505 509 505 505 
511 511 511 511 511 511 511 511 511 511 
437 437 437 509 437 437 439 433 433 437 
509 509 437 509 511 509 511 509 505 509 
435 435 507 435 433 435 433 435 439 435 
507 507 507 435 507 507 505 511 511 507 
433 433 433 433 433 433 433 433 433 433 
439 439 511 511 437 439 439 435 439 439 
505 505 433 433 507 505 505 509 505 505 
511 511 511 511 511 511 511 511 511 511 
437 437 437 509 437 437 439 433 433 437 
509 509 437 509 511 509 511 509 505 509 
435 435 507 435 433 435 433 435 439 435 
507 507 507 435 507 507 505 511 511 507 
433 433 433 433 433 433 433 433 433 433 
439 439 511 511 437 439 439 435 439 439 
505 505 433 433 507 505 505 509 505 505 
511 511 511 511 511 511 511 511 511 511 
437 437 437 509 437 437 439 433 433 437 
509 509 437 509 511 509 511 509 505 509 
435 435 507 435 433 435 433 435 439 435 
507 507 507 435 507 507 505 511 511 507 
433 433 433 433 433 433 433 433 433 433 
439 439 511 511 437 439 439 435 439 439 
505 505 433 433 507 505 505 509 505 505 
511 511 511 511 511 511 511 511 511 511 
437 437 437 509 437 437 439 433 433 437 
509 509 437 509 511 509 511 509 505 509 
435 435 507 435 433 435 433 435 439 435 
507 507 507 435 507 507 505 511 511 507 
433 433 433 433 433 433 433 433 433 433 
439 439 511 511 437 439 439 435 439 439 
505 505 433 433 507 505 505 509 505 505 
511 511 511 511 511 511 511 511 511 511 
437 437 437 509 437 437 439 433 433 437 
509 509 437 509 511 509 511 509 505 509 
435 435 507 435 433 435 433 435 439 435 
507 507 507 435 507 507 505 511 511 507 
433 433 433 433 433 433 433 433 433 433 
439 439 511 511 437 439 439 435 439 439 
505 505 433 433 507 505 505 509 505 505 
511 511 511 511 511 511 511 511 511 511 
437 437 437 509 437 437 439 433 433 437 
509 509 437 509 511 509 511 509 505 509 
435 435 507 435 433 435 433 435 439 435 
507 507 507 435 507 507 505 511 511 507 
433 433 433 433 433 433 433 433 433 433 
439 439 511 511 437 439 439 435 439 439 
505 505 433 433 507 505 505 509 505 505 
511 511 511 511 511 511 511 511 511 511 
437 437 437 509 437 437 439 433 433 437 
509 509 437 509 511 509 511 509 505 509 
435 435 507 435 433 435 433 435 439 435 
507 507 507 435 507 507 505 511 511 507 
433 433 433 433 433 433 433 433 433 433 
439 439 511 511 437 439 439 435 439 439 
505 505 433 433 507 505 505 509 505 505 
511 511 511 511 511 511 511 511 511 511 
437 437 437 509 437 437 439 433 433 437 
509 509 437 509 511 509 511 509 505 509 
435 435 507 435 433 435 433 435 439 435 
507 507 507 435 507 507 505 511 511 507 
433 433 433 433 433 433 433 433 433 433 
439 439 511 511 437 439 439 435 439 439 
505 505 433 433 507 505 505 509 505 505 
511 511 511 511 511 511 511 511 511 511 
437 437 437 509 437 437 439 433 433 437 
509 509 437 509 511 509 511 509 505 509 
435 435 507 435 433 435 433 435 439 435 
507 507 507 435 507 507 505 511 511 507 
433 433 433 433 433 433 433 433 433 433 
439 439 511 511 437 439 439 435 439 439 
505 505 433 433 507 505 505 509 505 505 
511 511 511 511 511 511 511 511 511 511 
437 437 437 509 437 437 439 433 433 437 
509 509 437 509 511 509 511 509 505 509 
435 435 507 435 433 435 433 435 439 435 
507 507 507 435 507 507 505 511 511 507 
433 433 433 433 433 433 433 433 433 433 
439 439 511 511 437 439 439 435 439 439 
505 505 433 433 507 505 505 509 505 505 
511 511 511 511 511 511 511 511 511 511 
437 437 437 509 437 437 439 433 433 437 
509 509 437 509 511 509 511 509 505 509 
435 435 507 435 433 435 433 435 439 435 
507 507 507 435 507 507 505 511 511 507 
433 433 433 433 433 433 433 433 433 433 
439 439 511 511 437 439 439 435 439 439 
505 505 433 433 507 505 505 509 505 505 
511 511 511 511 511 511 511 511 511 511 
437 437 437 509 437 437 439 433 433 437 
509 509 437 509 511 509 511 509 505 509 
435 435 507 435 433 435 433 435 439 435 
507 507 507 435 507 507 505 511 511 507 
433 433 433 433 433 433 433 433 433 433 
439 439 511 511 437 439 439 435 439 439 
505 505 433 433 507 505 505 509 505 505 
511 511 511 511 511 511 511 511 511 511 
437 437 437 509 437 437 439 433 433 437 
509 509 437 509 511 509 511 509 505 509 
435 435 507 435 433 435 433 435 439 435 
507 507 507 435 507 507 505 511 511 507 
433 433 433 433 433 433 433 433 433 433 
439 439 511 511 437 439 439 435 439 439 
505 505 433 433 507 505 505 509 505 505 
511 511 511 511 511 511 511 511 511 511 
437 437 437 509 437 437 439 433 433 437 
509 509 437 509 511 509 511 509 505 509 
435 435 507 435 433 435 433 435 439 435 
507 507 507 435 507 507 505 511 511 507 
433 433 433 433 433 433 433 433 433 433 
439 439 511 511 437 439 439 435 439 439 
505 505 433 433 507 505 505 509 505 505 
511 511 511 511 511 511 511 511 511 511 
437 437 437 509 437 437 439 433 433 437 
509 509 437 509 511 509 511 509 505 509 
435 435 507 435 433 435 433 435 439 435 
507 507 507 435 507 507 505 511 511 507 
433 433 433 433 433 433 433 433 433 433 
439 439 511 511 437 439 439 435 439 439 
505 505 433 433 507 505 505 509 505 505 
511 511 511 511 511 511 511 511 511 511 
437 437 437 509 437 437 439 433 433 437 
509 509 437 509 511 509 511 509 505 509 
435 435 507 435 433 435 433 435 439 435 
507 507 507 435 507 507 505 511 511 507 
433 433 433 433 433 433 433 433 433 433 
439 439 511 511 437 439 439 435 439 439 
505 505 433 433 507 505 505 509 505 505 
511 511 511 511 511 511 511 511 511 511 
437 437 437 509 437 437 439 433 433 437 
509 509 437 509 511 509 511 509 505 509 
435 435 507 435 433 435 433 435 439 435 
507 507 507 435 507 507 505 511 511 507 
433 433 433 433 433 433 433 433 433 433 
439 439 511 511 437 439 439 435 439 439 
505 505 433 433 507 505 505 509 505 505 
511 511 511 511 511 511 511 511 511 511 
437 437 437 509 437 437 439 433 433 437 
509 509 437 509 511 509 511 509 505 509 
435 435 507 435 433 435 433 435 439 435 
507 507 507 435 507 507 505 511 511 507 
433 433 433 433 433 433 433 433 433 433 
439 439 511 511 437 439 439 435 439 439 
505 505 433 433 507 505 505 509 505 505 
511 511 511 511 511 511 511 511 511 511 
437 437 437 509 437 437 439 433 433 437 
509 509 437 509 511 509 511 509 505 509 
435 435 507 435 433 435 433 435 439 435 
507 507 507 435 507 507 505 511 511 507 
433 433 433 433 433 433 433 433 433 433 
439 439 511 511 437 439 439 435 439 439 
505 505 433 433 507 505 505 509 505 505 
511 511 511 511 511 511 511 511 511 511 
437 437 437 509 437 437 439 433 433 437 
509 509 437 509 511 509 511 509 505 509 
435 435 507 435 433 435 433 435 439 435 
507 507 507 435 507 507 505 511 511 507 
433 433 433 433 433 433 433 433 433 433 
439 439 511 511 437 439 439 435 439 439 
505 505 433 433 507 505 505 509 505 505 
511 511 511 511 511 511 511 511 511 511 
437 437 437 509 437 437 439 433 433 437 
509 509 437 509 511 509 511 509 505 509 
435 435 507 435 433 435 433 435 439 435 
507 507 507 435 507 507 505 511 511 507 
433 433 433 433 433 433 433 433 433 433 
439 439 511 511 437 439 439 435 439 439 
505 505 433 433 507 505 505 509 505 505 
511 511 511 511 511 511 511 511 511 511 
437 437 437 509 437 437 439 433 433 437 
509 509 437 509 511 509 511 509 505 509 
