287 287 287 343 287 287 285 283 283 287 
287 287 287 343 287 287 285 283 283 287 
343 343 287 343 341 343 341 343 339 343 
285 285 277 341 287 285 285 281 285 285 
283 283 283 283 283 283 283 283 283 283 
287 287 287 343 287 287 285 283 283 287 
343 343 287 343 341 343 341 343 339 343 
285 285 277 341 287 285 285 281 285 285 
283 283 283 283 283 283 283 283 283 283 
341 341 341 341 341 341 341 341 341 341 
339 339 283 275 337 339 339 343 339 339 
277 277 277 341 277 277 277 273 277 277 
281 281 273 281 283 281 281 281 281 281 
287 287 287 343 287 287 285 283 283 287 
343 343 287 343 341 343 341 343 339 343 
285 285 277 341 287 285 285 281 285 285 
283 283 283 283 283 283 283 283 283 283 
341 341 341 341 341 341 341 341 341 341 
339 339 283 275 337 339 339 343 339 339 
277 277 277 341 277 277 277 273 277 277 
281 281 273 281 283 281 281 281 281 281 
275 275 283 275 273 275 275 275 275 275 
337 337 337 273 337 337 337 341 337 337 
273 273 273 273 273 273 273 273 273 273 
287 287 287 343 287 287 285 283 283 287 
343 343 287 343 341 343 341 343 339 343 
285 285 277 341 287 285 285 281 285 285 
283 283 283 283 283 283 283 283 283 283 
341 341 341 341 341 341 341 341 341 341 
339 339 283 275 337 339 339 343 339 339 
277 277 277 341 277 277 277 273 277 277 
281 281 273 281 283 281 281 281 281 281 
275 275 283 275 273 275 275 275 275 275 
337 337 337 273 337 337 337 341 337 337 
273 273 273 273 273 273 273 273 273 273 
287 287 287 343 287 287 285 283 283 287 
343 343 287 343 341 343 341 343 339 343 
285 285 277 341 287 285 285 281 285 285 
283 283 283 283 283 283 283 283 283 283 
341 341 341 341 341 341 341 341 341 341 
339 339 283 275 337 339 339 343 339 339 
277 277 277 341 277 277 277 273 277 277 
281 281 273 281 283 281 281 281 281 281 
275 275 283 275 273 275 275 275 275 275 
337 337 337 273 337 337 337 341 337 337 
273 273 273 273 273 273 273 273 273 273 
287 287 287 343 287 287 285 283 283 287 
343 343 287 343 341 343 341 343 339 343 
285 285 277 341 287 285 285 281 285 285 
283 283 283 283 283 283 283 283 283 283 
341 341 341 341 341 341 341 341 341 341 
339 339 283 275 337 339 339 343 339 339 
277 277 277 341 277 277 277 273 277 277 
281 281 273 281 283 281 281 281 281 281 
275 275 283 275 273 275 275 275 275 275 
337 337 337 273 337 337 337 341 337 337 
273 273 273 273 273 273 273 273 273 273 
287 287 287 343 287 287 285 283 283 287 
343 343 287 343 341 343 341 343 339 343 
285 285 277 341 287 285 285 281 285 285 
283 283 283 283 283 283 283 283 283 283 
341 341 341 341 341 341 341 341 341 341 
339 339 283 275 337 339 339 343 339 339 
277 277 277 341 277 277 277 273 277 277 
281 281 273 281 283 281 281 281 281 281 
275 275 283 275 273 275 275 275 275 275 
337 337 337 273 337 337 337 341 337 337 
273 273 273 273 273 273 273 273 273 273 
287 287 287 343 287 287 285 283 283 287 
343 343 287 343 341 343 341 343 339 343 
285 285 277 341 287 285 285 281 285 285 
283 283 283 283 283 283 283 283 283 283 
341 341 341 341 341 341 341 341 341 341 
339 339 283 275 337 339 339 343 339 339 
277 277 277 341 277 277 277 273 277 277 
281 281 273 281 283 281 281 281 281 281 
275 275 283 275 273 275 275 275 275 275 
337 337 337 273 337 337 337 341 337 337 
273 273 273 273 273 273 273 273 273 273 
287 287 287 343 287 287 285 283 283 287 
343 343 287 343 341 343 341 343 339 343 
285 285 277 341 287 285 285 281 285 285 
283 283 283 283 283 283 283 283 283 283 
341 341 341 341 341 341 341 341 341 341 
339 339 283 275 337 339 339 343 339 339 
277 277 277 341 277 277 277 273 277 277 
281 281 273 281 283 281 281 281 281 281 
275 275 283 275 273 275 275 275 275 275 
337 337 337 273 337 337 337 341 337 337 
273 273 273 273 273 273 273 273 273 273 
287 287 287 343 287 287 285 283 283 287 
343 343 287 343 341 343 341 343 339 343 
285 285 277 341 287 285 285 281 285 285 
283 283 283 283 283 283 283 283 283 283 
341 341 341 341 341 341 341 341 341 341 
339 339 283 275 337 339 339 343 339 339 
277 277 277 341 277 277 277 273 277 277 
281 281 273 281 283 281 281 281 281 281 
275 275 283 275 273 275 275 275 275 275 
337 337 337 273 337 337 337 341 337 337 
273 273 273 273 273 273 273 273 273 273 
287 287 287 343 287 287 285 283 283 287 
343 343 287 343 341 343 341 343 339 343 
285 285 277 341 287 285 285 281 285 285 
283 283 283 283 283 283 283 283 283 283 
341 341 341 341 341 341 341 341 341 341 
339 339 283 275 337 339 339 343 339 339 
277 277 277 341 277 277 277 273 277 277 
281 281 273 281 283 281 281 281 281 281 
275 275 283 275 273 275 275 275 275 275 
337 337 337 273 337 337 337 341 337 337 
273 273 273 273 273 273 273 273 273 273 
287 287 287 343 287 287 285 283 283 287 
343 343 287 343 341 343 341 343 339 343 
285 285 277 341 287 285 285 281 285 285 
283 283 283 283 283 283 283 283 283 283 
341 341 341 341 341 341 341 341 341 341 
339 339 283 275 337 339 339 343 339 339 
277 277 277 341 277 277 277 273 277 277 
281 281 273 281 283 281 281 281 281 281 
275 275 283 275 273 275 275 275 275 275 
337 337 337 273 337 337 337 341 337 337 
273 273 273 273 273 273 273 273 273 273 
287 287 287 343 287 287 285 283 283 287 
343 343 287 343 341 343 341 343 339 343 
285 285 277 341 287 285 285 281 285 285 
283 283 283 283 283 283 283 283 283 283 
341 341 341 341 341 341 341 341 341 341 
339 339 283 275 337 339 339 343 339 339 
277 277 277 341 277 277 277 273 277 277 
281 281 273 281 283 281 281 281 281 281 
275 275 283 275 273 275 275 275 275 275 
337 337 337 273 337 337 337 341 337 337 
273 273 273 273 273 273 273 273 273 273 
287 287 287 343 287 287 285 283 283 287 
343 343 287 343 341 343 341 343 339 343 
285 285 277 341 287 285 285 281 285 285 
283 283 283 283 283 283 283 283 283 283 
341 341 341 341 341 341 341 341 341 341 
339 339 283 275 337 339 339 343 339 339 
277 277 277 341 277 277 277 273 277 277 
281 281 273 281 283 281 281 281 281 281 
275 275 283 275 273 275 275 275 275 275 
337 337 337 273 337 337 337 341 337 337 
273 273 273 273 273 273 273 273 273 273 
287 287 287 343 287 287 285 283 283 287 
343 343 287 343 341 343 341 343 339 343 
285 285 277 341 287 285 285 281 285 285 
283 283 283 283 283 283 283 283 283 283 
341 341 341 341 341 341 341 341 341 341 
339 339 283 275 337 339 339 343 339 339 
277 277 277 341 277 277 277 273 277 277 
281 281 273 281 283 281 281 281 281 281 
275 275 283 275 273 275 275 275 275 275 
337 337 337 273 337 337 337 341 337 337 
273 273 273 273 273 273 273 273 273 273 
287 287 287 343 287 287 285 283 283 287 
343 343 287 343 341 343 341 343 339 343 
285 285 277 341 287 285 285 281 285 285 
283 283 283 283 283 283 283 283 283 283 
341 341 341 341 341 341 341 341 341 341 
339 339 283 275 337 339 339 343 339 339 
277 277 277 341 277 277 277 273 277 277 
281 281 273 281 283 281 281 281 281 281 
275 275 283 275 273 275 275 275 275 275 
337 337 337 273 337 337 337 341 337 337 
273 273 273 273 273 273 273 273 273 273 
287 287 287 343 287 287 285 283 283 287 
343 343 287 343 341 343 341 343 339 343 
285 285 277 341 287 285 285 281 285 285 
283 283 283 283 283 283 283 283 283 283 
341 341 341 341 341 341 341 341 341 341 
339 339 283 275 337 339 339 343 339 339 
277 277 277 341 277 277 277 273 277 277 
281 281 273 281 283 281 281 281 281 281 
275 275 283 275 273 275 275 275 275 275 
337 337 337 273 337 337 337 341 337 337 
273 273 273 273 273 273 273 273 273 273 
287 287 287 343 287 287 285 283 283 287 
343 343 287 343 341 343 341 343 339 343 
285 285 277 341 287 285 285 281 285 285 
283 283 283 283 283 283 283 283 283 283 
341 341 341 341 341 341 341 341 341 341 
339 339 283 275 337 339 339 343 339 339 
277 277 277 341 277 277 277 273 277 277 
281 281 273 281 283 281 281 281 281 281 
275 275 283 275 273 275 275 275 275 275 
337 337 337 273 337 337 337 341 337 337 
273 273 273 273 273 273 273 273 273 273 
287 287 287 343 287 287 285 283 283 287 
343 343 287 343 341 343 341 343 339 343 
285 285 277 341 287 285 285 281 285 285 
283 283 283 283 283 283 283 283 283 283 
341 341 341 341 341 341 341 341 341 341 
339 339 283 275 337 339 339 343 339 339 
277 277 277 341 277 277 277 273 277 277 
281 281 273 281 283 281 281 281 281 281 
275 275 283 275 273 275 275 275 275 275 
337 337 337 273 337 337 337 341 337 337 
273 273 273 273 273 273 273 273 273 273 
287 287 287 343 287 287 285 283 283 287 
343 343 287 343 341 343 341 343 339 343 
285 285 277 341 287 285 285 281 285 285 
283 283 283 283 283 283 283 283 283 283 
341 341 341 341 341 341 341 341 341 341 
339 339 283 275 337 339 339 343 339 339 
277 277 277 341 277 277 277 273 277 277 
281 281 273 281 283 281 281 281 281 281 
275 275 283 275 273 275 275 275 275 275 
337 337 337 273 337 337 337 341 337 337 
273 273 273 273 273 273 273 273 273 273 
287 287 287 343 287 287 285 283 283 287 
343 343 287 343 341 343 341 343 339 343 
285 285 277 341 287 285 285 281 285 285 
283 283 283 283 283 283 283 283 283 283 
341 341 341 341 341 341 341 341 341 341 
339 339 283 275 337 339 339 343 339 339 
277 277 277 341 277 277 277 273 277 277 
281 281 273 281 283 281 281 281 281 281 
275 275 283 275 273 275 275 275 275 275 
337 337 337 273 337 337 337 341 337 337 
273 273 273 273 273 273 273 273 273 273 
287 287 287 343 287 287 285 283 283 287 
343 343 287 343 341 343 341 343 339 343 
285 285 277 341 287 285 285 281 285 285 
283 283 283 283 283 283 283 283 283 283 
341 341 341 341 341 341 341 341 341 341 
339 339 283 275 337 339 339 343 339 339 
277 277 277 341 277 277 277 273 277 277 
281 281 273 281 283 281 281 281 281 281 
275 275 283 275 273 275 275 275 275 275 
337 337 337 273 337 337 337 341 337 337 
273 273 273 273 273 273 273 273 273 273 
287 287 287 343 287 287 285 283 283 287 
343 343 287 343 341 343 341 343 339 343 
285 285 277 341 287 285 285 281 285 285 
283 283 283 283 283 283 283 283 283 283 
341 341 341 341 341 341 341 341 341 341 
339 339 283 275 337 339 339 343 339 339 
277 277 277 341 277 277 277 273 277 277 
281 281 273 281 283 281 281 281 281 281 
275 275 283 275 273 275 275 275 275 275 
337 337 337 273 337 337 337 341 337 337 
273 273 273 273 273 273 273 273 273 273 
287 287 287 343 287 287 285 283 283 287 
343 343 287 343 341 343 341 343 339 343 
285 285 277 341 287 285 285 281 285 285 
283 283 283 283 283 283 283 283 283 283 
341 341 341 341 341 341 341 341 341 341 
339 339 283 275 337 339 339 343 339 339 
277 277 277 341 277 277 277 273 277 277 
281 281 273 281 283 281 281 281 281 281 
275 275 283 275 273 275 275 275 275 275 
337 337 337 273 337 337 337 341 337 337 
273 273 273 273 273 273 273 273 273 273 
287 287 287 343 287 287 285 283 283 287 
343 343 287 343 341 343 341 343 339 343 
285 285 277 341 287 285 285 281 285 285 
283 283 283 283 283 283 283 283 283 283 
341 341 341 341 341 341 341 341 341 341 
339 339 283 275 337 339 339 343 339 339 
277 277 277 341 277 277 277 273 277 277 
281 281 273 281 283 281 281 281 281 281 
275 275 283 275 273 275 275 275 275 275 
337 337 337 273 337 337 337 341 337 337 
273 273 273 273 273 273 273 273 273 273 
287 287 287 343 287 287 285 283 283 287 
343 343 287 343 341 343 341 343 339 343 
285 285 277 341 287 285 285 281 285 285 
283 283 283 283 283 283 283 283 283 283 
341 341 341 341 341 341 341 341 341 341 
339 339 283 275 337 339 339 343 339 339 
277 277 277 341 277 277 277 273 277 277 
281 281 273 281 283 281 281 281 281 281 
275 275 283 275 273 275 275 275 275 275 
337 337 337 273 337 337 337 341 337 337 
273 273 273 273 273 273 273 273 273 273 
287 287 287 343 287 287 285 283 283 287 
343 343 287 343 341 343 341 343 339 343 
285 285 277 341 287 285 285 281 285 285 
283 283 283 283 283 283 283 283 283 283 
341 341 341 341 341 341 341 341 341 341 
339 339 283 275 337 339 339 343 339 339 
277 277 277 341 277 277 277 273 277 277 
281 281 273 281 283 281 281 281 281 281 
275 275 283 275 273 275 275 275 275 275 
337 337 337 273 337 337 337 341 337 337 
273 273 273 273 273 273 273 273 273 273 
287 287 287 343 287 287 285 283 283 287 
343 343 287 343 341 343 341 343 339 343 
285 285 277 341 287 285 285 281 285 285 
283 283 283 283 283 283 283 283 283 283 
341 341 341 341 341 341 341 341 341 341 
339 339 283 275 337 339 339 343 339 339 
277 277 277 341 277 277 277 273 277 277 
281 281 273 281 283 281 281 281 281 281 
275 275 283 275 273 275 275 275 275 275 
337 337 337 273 337 337 337 341 337 337 
273 273 273 273 273 273 273 273 273 273 
287 287 287 343 287 287 285 283 283 287 
343 343 287 343 341 343 341 343 339 343 
285 285 277 341 287 285 285 281 285 285 
283 283 283 283 283 283 283 283 283 283 
341 341 341 341 341 341 341 341 341 341 
339 339 283 275 337 339 339 343 339 339 
277 277 277 341 277 277 277 273 277 277 
281 281 273 281 283 281 281 281 281 281 
275 275 283 275 273 275 275 275 275 275 
337 337 337 273 337 337 337 341 337 337 
273 273 273 273 273 273 273 273 273 273 
