34687 34687 34687 34687 38511 34687 34687 34687 34685 34687 34687 34687 34683 34679 34679 34679 34687 
34687 34687 34687 34687 38511 34687 34687 34687 34685 34687 34687 34687 34683 34679 34679 34679 34687 
38511 38511 34687 34687 38511 38509 38511 38511 38509 38507 38511 38511 38507 38511 38503 38503 38511 
34685 34685 34413 34685 38509 34687 34685 34687 34685 34685 34681 34685 34681 34677 34685 34677 34685 
34683 34683 34683 34411 38507 34683 34683 34681 34681 34687 34687 34683 34683 34675 34675 34683 34683 
34679 34679 34679 34679 34679 34679 34679 34679 34679 34679 34679 34679 34679 34679 34679 34679 34679 
34687 34687 34687 34687 38511 34687 34687 34687 34685 34687 34687 34687 34683 34679 34679 34679 34687 
38511 38511 34687 34687 38511 38509 38511 38511 38509 38507 38511 38511 38507 38511 38503 38503 38511 
34685 34685 34413 34685 38509 34687 34685 34687 34685 34685 34681 34685 34681 34677 34685 34677 34685 
34683 34683 34683 34411 38507 34683 34683 34681 34681 34687 34687 34683 34683 34675 34675 34683 34683 
34679 34679 34679 34679 34679 34679 34679 34679 34679 34679 34679 34679 34679 34679 34679 34679 34679 
38509 38509 38509 34685 38509 38509 38509 38511 38509 38505 38505 38509 38505 38509 38509 38501 38509 
38507 38507 34683 38507 38507 38505 38507 38505 38505 38507 38511 38507 38507 38507 38499 38507 38507 
38503 38503 34679 34679 34407 38501 38503 38503 38503 38499 38503 38503 38503 38511 38503 38503 38503 
34413 34413 34413 34685 38509 34413 34413 34415 34413 34409 34409 34413 34409 34405 34413 34405 34413 
34681 34681 34409 34409 38505 34683 34681 34681 34681 34685 34681 34681 34681 34673 34681 34681 34681 
34677 34677 34405 34677 34677 34679 34677 34679 34677 34677 34673 34677 34677 34677 34677 34677 34677 
34411 34411 34683 34411 38507 34409 34411 34409 34409 34411 34415 34411 34411 34403 34403 34411 34411 
34675 34675 34675 34403 34675 34675 34675 34673 34675 34679 34679 34675 34675 34675 34675 34675 34675 
34687 34687 34687 34687 38511 34687 34687 34687 34685 34687 34687 34687 34683 34679 34679 34679 34687 
38511 38511 34687 34687 38511 38509 38511 38511 38509 38507 38511 38511 38507 38511 38503 38503 38511 
34685 34685 34413 34685 38509 34687 34685 34687 34685 34685 34681 34685 34681 34677 34685 34677 34685 
34683 34683 34683 34411 38507 34683 34683 34681 34681 34687 34687 34683 34683 34675 34675 34683 34683 
34679 34679 34679 34679 34679 34679 34679 34679 34679 34679 34679 34679 34679 34679 34679 34679 34679 
38509 38509 38509 34685 38509 38509 38509 38511 38509 38505 38505 38509 38505 38509 38509 38501 38509 
38507 38507 34683 38507 38507 38505 38507 38505 38505 38507 38511 38507 38507 38507 38499 38507 38507 
38503 38503 34679 34679 34407 38501 38503 38503 38503 38499 38503 38503 38503 38511 38503 38503 38503 
34413 34413 34413 34685 38509 34413 34413 34415 34413 34409 34409 34413 34409 34405 34413 34405 34413 
34681 34681 34409 34409 38505 34683 34681 34681 34681 34685 34681 34681 34681 34673 34681 34681 34681 
34677 34677 34405 34677 34677 34679 34677 34679 34677 34677 34673 34677 34677 34677 34677 34677 34677 
34411 34411 34683 34411 38507 34409 34411 34409 34409 34411 34415 34411 34411 34403 34403 34411 34411 
34675 34675 34675 34403 34675 34675 34675 34673 34675 34679 34679 34675 34675 34675 34675 34675 34675 
38505 38505 38505 38505 38505 38505 38505 38505 38505 38505 38505 38505 38505 38505 38505 38505 38505 
38501 38501 38501 34677 34405 38501 38501 38503 38501 38497 38497 38501 38501 38509 38501 38501 38501 
38499 38499 34675 38499 34403 38497 38499 38497 38499 38499 38503 38499 38499 38507 38499 38499 38499 
34407 34407 34679 34679 34407 34405 34407 34407 34407 34403 34407 34407 34407 34407 34407 34407 34407 
34415 34415 34687 34687 38511 34413 34415 34415 34413 34411 34415 34415 34411 34407 34407 34407 34415 
34409 34409 34409 34409 38505 34409 34409 34409 34409 34409 34409 34409 34409 34401 34409 34409 34409 
34405 34405 34405 34677 34405 34405 34405 34407 34405 34401 34401 34405 34405 34405 34405 34405 34405 
34673 34673 34401 34401 34673 34675 34673 34673 34673 34677 34673 34673 34673 34673 34673 34673 34673 
34403 34403 34675 34403 34403 34401 34403 34401 34403 34403 34407 34403 34403 34403 34403 34403 34403 
34687 34687 34687 34687 38511 34687 34687 34687 34685 34687 34687 34687 34683 34679 34679 34679 34687 
38511 38511 34687 34687 38511 38509 38511 38511 38509 38507 38511 38511 38507 38511 38503 38503 38511 
34685 34685 34413 34685 38509 34687 34685 34687 34685 34685 34681 34685 34681 34677 34685 34677 34685 
34683 34683 34683 34411 38507 34683 34683 34681 34681 34687 34687 34683 34683 34675 34675 34683 34683 
34679 34679 34679 34679 34679 34679 34679 34679 34679 34679 34679 34679 34679 34679 34679 34679 34679 
38509 38509 38509 34685 38509 38509 38509 38511 38509 38505 38505 38509 38505 38509 38509 38501 38509 
38507 38507 34683 38507 38507 38505 38507 38505 38505 38507 38511 38507 38507 38507 38499 38507 38507 
38503 38503 34679 34679 34407 38501 38503 38503 38503 38499 38503 38503 38503 38511 38503 38503 38503 
34413 34413 34413 34685 38509 34413 34413 34415 34413 34409 34409 34413 34409 34405 34413 34405 34413 
34681 34681 34409 34409 38505 34683 34681 34681 34681 34685 34681 34681 34681 34673 34681 34681 34681 
34677 34677 34405 34677 34677 34679 34677 34679 34677 34677 34673 34677 34677 34677 34677 34677 34677 
34411 34411 34683 34411 38507 34409 34411 34409 34409 34411 34415 34411 34411 34403 34403 34411 34411 
34675 34675 34675 34403 34675 34675 34675 34673 34675 34679 34679 34675 34675 34675 34675 34675 34675 
38505 38505 38505 38505 38505 38505 38505 38505 38505 38505 38505 38505 38505 38505 38505 38505 38505 
38501 38501 38501 34677 34405 38501 38501 38503 38501 38497 38497 38501 38501 38509 38501 38501 38501 
38499 38499 34675 38499 34403 38497 38499 38497 38499 38499 38503 38499 38499 38507 38499 38499 38499 
34407 34407 34679 34679 34407 34405 34407 34407 34407 34403 34407 34407 34407 34407 34407 34407 34407 
34415 34415 34687 34687 38511 34413 34415 34415 34413 34411 34415 34415 34411 34407 34407 34407 34415 
34409 34409 34409 34409 38505 34409 34409 34409 34409 34409 34409 34409 34409 34401 34409 34409 34409 
34405 34405 34405 34677 34405 34405 34405 34407 34405 34401 34401 34405 34405 34405 34405 34405 34405 
34673 34673 34401 34401 34673 34675 34673 34673 34673 34677 34673 34673 34673 34673 34673 34673 34673 
34403 34403 34675 34403 34403 34401 34403 34401 34403 34403 34407 34403 34403 34403 34403 34403 34403 
38497 38497 38497 38497 34401 38497 38497 38497 38497 38497 38497 38497 38497 38505 38497 38497 38497 
34401 34401 34401 34401 34401 34401 34401 34401 34401 34401 34401 34401 34401 34401 34401 34401 34401 
34687 34687 34687 34687 38511 34687 34687 34687 34685 34687 34687 34687 34683 34679 34679 34679 34687 
38511 38511 34687 34687 38511 38509 38511 38511 38509 38507 38511 38511 38507 38511 38503 38503 38511 
34685 34685 34413 34685 38509 34687 34685 34687 34685 34685 34681 34685 34681 34677 34685 34677 34685 
34683 34683 34683 34411 38507 34683 34683 34681 34681 34687 34687 34683 34683 34675 34675 34683 34683 
34679 34679 34679 34679 34679 34679 34679 34679 34679 34679 34679 34679 34679 34679 34679 34679 34679 
38509 38509 38509 34685 38509 38509 38509 38511 38509 38505 38505 38509 38505 38509 38509 38501 38509 
38507 38507 34683 38507 38507 38505 38507 38505 38505 38507 38511 38507 38507 38507 38499 38507 38507 
38503 38503 34679 34679 34407 38501 38503 38503 38503 38499 38503 38503 38503 38511 38503 38503 38503 
34413 34413 34413 34685 38509 34413 34413 34415 34413 34409 34409 34413 34409 34405 34413 34405 34413 
34681 34681 34409 34409 38505 34683 34681 34681 34681 34685 34681 34681 34681 34673 34681 34681 34681 
34677 34677 34405 34677 34677 34679 34677 34679 34677 34677 34673 34677 34677 34677 34677 34677 34677 
34411 34411 34683 34411 38507 34409 34411 34409 34409 34411 34415 34411 34411 34403 34403 34411 34411 
34675 34675 34675 34403 34675 34675 34675 34673 34675 34679 34679 34675 34675 34675 34675 34675 34675 
38505 38505 38505 38505 38505 38505 38505 38505 38505 38505 38505 38505 38505 38505 38505 38505 38505 
38501 38501 38501 34677 34405 38501 38501 38503 38501 38497 38497 38501 38501 38509 38501 38501 38501 
38499 38499 34675 38499 34403 38497 38499 38497 38499 38499 38503 38499 38499 38507 38499 38499 38499 
34407 34407 34679 34679 34407 34405 34407 34407 34407 34403 34407 34407 34407 34407 34407 34407 34407 
34415 34415 34687 34687 38511 34413 34415 34415 34413 34411 34415 34415 34411 34407 34407 34407 34415 
34409 34409 34409 34409 38505 34409 34409 34409 34409 34409 34409 34409 34409 34401 34409 34409 34409 
34405 34405 34405 34677 34405 34405 34405 34407 34405 34401 34401 34405 34405 34405 34405 34405 34405 
34673 34673 34401 34401 34673 34675 34673 34673 34673 34677 34673 34673 34673 34673 34673 34673 34673 
34403 34403 34675 34403 34403 34401 34403 34401 34403 34403 34407 34403 34403 34403 34403 34403 34403 
38497 38497 38497 38497 34401 38497 38497 38497 38497 38497 38497 38497 38497 38505 38497 38497 38497 
34401 34401 34401 34401 34401 34401 34401 34401 34401 34401 34401 34401 34401 34401 34401 34401 34401 
34687 34687 34687 34687 38511 34687 34687 34687 34685 34687 34687 34687 34683 34679 34679 34679 34687 
38511 38511 34687 34687 38511 38509 38511 38511 38509 38507 38511 38511 38507 38511 38503 38503 38511 
34685 34685 34413 34685 38509 34687 34685 34687 34685 34685 34681 34685 34681 34677 34685 34677 34685 
34683 34683 34683 34411 38507 34683 34683 34681 34681 34687 34687 34683 34683 34675 34675 34683 34683 
34679 34679 34679 34679 34679 34679 34679 34679 34679 34679 34679 34679 34679 34679 34679 34679 34679 
38509 38509 38509 34685 38509 38509 38509 38511 38509 38505 38505 38509 38505 38509 38509 38501 38509 
38507 38507 34683 38507 38507 38505 38507 38505 38505 38507 38511 38507 38507 38507 38499 38507 38507 
38503 38503 34679 34679 34407 38501 38503 38503 38503 38499 38503 38503 38503 38511 38503 38503 38503 
34413 34413 34413 34685 38509 34413 34413 34415 34413 34409 34409 34413 34409 34405 34413 34405 34413 
34681 34681 34409 34409 38505 34683 34681 34681 34681 34685 34681 34681 34681 34673 34681 34681 34681 
34677 34677 34405 34677 34677 34679 34677 34679 34677 34677 34673 34677 34677 34677 34677 34677 34677 
34411 34411 34683 34411 38507 34409 34411 34409 34409 34411 34415 34411 34411 34403 34403 34411 34411 
34675 34675 34675 34403 34675 34675 34675 34673 34675 34679 34679 34675 34675 34675 34675 34675 34675 
38505 38505 38505 38505 38505 38505 38505 38505 38505 38505 38505 38505 38505 38505 38505 38505 38505 
38501 38501 38501 34677 34405 38501 38501 38503 38501 38497 38497 38501 38501 38509 38501 38501 38501 
38499 38499 34675 38499 34403 38497 38499 38497 38499 38499 38503 38499 38499 38507 38499 38499 38499 
34407 34407 34679 34679 34407 34405 34407 34407 34407 34403 34407 34407 34407 34407 34407 34407 34407 
34415 34415 34687 34687 38511 34413 34415 34415 34413 34411 34415 34415 34411 34407 34407 34407 34415 
34409 34409 34409 34409 38505 34409 34409 34409 34409 34409 34409 34409 34409 34401 34409 34409 34409 
34405 34405 34405 34677 34405 34405 34405 34407 34405 34401 34401 34405 34405 34405 34405 34405 34405 
34673 34673 34401 34401 34673 34675 34673 34673 34673 34677 34673 34673 34673 34673 34673 34673 34673 
34403 34403 34675 34403 34403 34401 34403 34401 34403 34403 34407 34403 34403 34403 34403 34403 34403 
38497 38497 38497 38497 34401 38497 38497 38497 38497 38497 38497 38497 38497 38505 38497 38497 38497 
34401 34401 34401 34401 34401 34401 34401 34401 34401 34401 34401 34401 34401 34401 34401 34401 34401 
34687 34687 34687 34687 38511 34687 34687 34687 34685 34687 34687 34687 34683 34679 34679 34679 34687 
38511 38511 34687 34687 38511 38509 38511 38511 38509 38507 38511 38511 38507 38511 38503 38503 38511 
34685 34685 34413 34685 38509 34687 34685 34687 34685 34685 34681 34685 34681 34677 34685 34677 34685 
34683 34683 34683 34411 38507 34683 34683 34681 34681 34687 34687 34683 34683 34675 34675 34683 34683 
34679 34679 34679 34679 34679 34679 34679 34679 34679 34679 34679 34679 34679 34679 34679 34679 34679 
38509 38509 38509 34685 38509 38509 38509 38511 38509 38505 38505 38509 38505 38509 38509 38501 38509 
38507 38507 34683 38507 38507 38505 38507 38505 38505 38507 38511 38507 38507 38507 38499 38507 38507 
38503 38503 34679 34679 34407 38501 38503 38503 38503 38499 38503 38503 38503 38511 38503 38503 38503 
34413 34413 34413 34685 38509 34413 34413 34415 34413 34409 34409 34413 34409 34405 34413 34405 34413 
34681 34681 34409 34409 38505 34683 34681 34681 34681 34685 34681 34681 34681 34673 34681 34681 34681 
34677 34677 34405 34677 34677 34679 34677 34679 34677 34677 34673 34677 34677 34677 34677 34677 34677 
34411 34411 34683 34411 38507 34409 34411 34409 34409 34411 34415 34411 34411 34403 34403 34411 34411 
34675 34675 34675 34403 34675 34675 34675 34673 34675 34679 34679 34675 34675 34675 34675 34675 34675 
38505 38505 38505 38505 38505 38505 38505 38505 38505 38505 38505 38505 38505 38505 38505 38505 38505 
38501 38501 38501 34677 34405 38501 38501 38503 38501 38497 38497 38501 38501 38509 38501 38501 38501 
38499 38499 34675 38499 34403 38497 38499 38497 38499 38499 38503 38499 38499 38507 38499 38499 38499 
34407 34407 34679 34679 34407 34405 34407 34407 34407 34403 34407 34407 34407 34407 34407 34407 34407 
34415 34415 34687 34687 38511 34413 34415 34415 34413 34411 34415 34415 34411 34407 34407 34407 34415 
34409 34409 34409 34409 38505 34409 34409 34409 34409 34409 34409 34409 34409 34401 34409 34409 34409 
34405 34405 34405 34677 34405 34405 34405 34407 34405 34401 34401 34405 34405 34405 34405 34405 34405 
34673 34673 34401 34401 34673 34675 34673 34673 34673 34677 34673 34673 34673 34673 34673 34673 34673 
34403 34403 34675 34403 34403 34401 34403 34401 34403 34403 34407 34403 34403 34403 34403 34403 34403 
38497 38497 38497 38497 34401 38497 38497 38497 38497 38497 38497 38497 38497 38505 38497 38497 38497 
34401 34401 34401 34401 34401 34401 34401 34401 34401 34401 34401 34401 34401 34401 34401 34401 34401 
34687 34687 34687 34687 38511 34687 34687 34687 34685 34687 34687 34687 34683 34679 34679 34679 34687 
38511 38511 34687 34687 38511 38509 38511 38511 38509 38507 38511 38511 38507 38511 38503 38503 38511 
34685 34685 34413 34685 38509 34687 34685 34687 34685 34685 34681 34685 34681 34677 34685 34677 34685 
34683 34683 34683 34411 38507 34683 34683 34681 34681 34687 34687 34683 34683 34675 34675 34683 34683 
34679 34679 34679 34679 34679 34679 34679 34679 34679 34679 34679 34679 34679 34679 34679 34679 34679 
38509 38509 38509 34685 38509 38509 38509 38511 38509 38505 38505 38509 38505 38509 38509 38501 38509 
38507 38507 34683 38507 38507 38505 38507 38505 38505 38507 38511 38507 38507 38507 38499 38507 38507 
38503 38503 34679 34679 34407 38501 38503 38503 38503 38499 38503 38503 38503 38511 38503 38503 38503 
34413 34413 34413 34685 38509 34413 34413 34415 34413 34409 34409 34413 34409 34405 34413 34405 34413 
34681 34681 34409 34409 38505 34683 34681 34681 34681 34685 34681 34681 34681 34673 34681 34681 34681 
34677 34677 34405 34677 34677 34679 34677 34679 34677 34677 34673 34677 34677 34677 34677 34677 34677 
34411 34411 34683 34411 38507 34409 34411 34409 34409 34411 34415 34411 34411 34403 34403 34411 34411 
34675 34675 34675 34403 34675 34675 34675 34673 34675 34679 34679 34675 34675 34675 34675 34675 34675 
38505 38505 38505 38505 38505 38505 38505 38505 38505 38505 38505 38505 38505 38505 38505 38505 38505 
38501 38501 38501 34677 34405 38501 38501 38503 38501 38497 38497 38501 38501 38509 38501 38501 38501 
38499 38499 34675 38499 34403 38497 38499 38497 38499 38499 38503 38499 38499 38507 38499 38499 38499 
34407 34407 34679 34679 34407 34405 34407 34407 34407 34403 34407 34407 34407 34407 34407 34407 34407 
34415 34415 34687 34687 38511 34413 34415 34415 34413 34411 34415 34415 34411 34407 34407 34407 34415 
34409 34409 34409 34409 38505 34409 34409 34409 34409 34409 34409 34409 34409 34401 34409 34409 34409 
34405 34405 34405 34677 34405 34405 34405 34407 34405 34401 34401 34405 34405 34405 34405 34405 34405 
34673 34673 34401 34401 34673 34675 34673 34673 34673 34677 34673 34673 34673 34673 34673 34673 34673 
34403 34403 34675 34403 34403 34401 34403 34401 34403 34403 34407 34403 34403 34403 34403 34403 34403 
38497 38497 38497 38497 34401 38497 38497 38497 38497 38497 38497 38497 38497 38505 38497 38497 38497 
34401 34401 34401 34401 34401 34401 34401 34401 34401 34401 34401 34401 34401 34401 34401 34401 34401 
34687 34687 34687 34687 38511 34687 34687 34687 34685 34687 34687 34687 34683 34679 34679 34679 34687 
38511 38511 34687 34687 38511 38509 38511 38511 38509 38507 38511 38511 38507 38511 38503 38503 38511 
34685 34685 34413 34685 38509 34687 34685 34687 34685 34685 34681 34685 34681 34677 34685 34677 34685 
34683 34683 34683 34411 38507 34683 34683 34681 34681 34687 34687 34683 34683 34675 34675 34683 34683 
34679 34679 34679 34679 34679 34679 34679 34679 34679 34679 34679 34679 34679 34679 34679 34679 34679 
38509 38509 38509 34685 38509 38509 38509 38511 38509 38505 38505 38509 38505 38509 38509 38501 38509 
38507 38507 34683 38507 38507 38505 38507 38505 38505 38507 38511 38507 38507 38507 38499 38507 38507 
38503 38503 34679 34679 34407 38501 38503 38503 38503 38499 38503 38503 38503 38511 38503 38503 38503 
34413 34413 34413 34685 38509 34413 34413 34415 34413 34409 34409 34413 34409 34405 34413 34405 34413 
34681 34681 34409 34409 38505 34683 34681 34681 34681 34685 34681 34681 34681 34673 34681 34681 34681 
34677 34677 34405 34677 34677 34679 34677 34679 34677 34677 34673 34677 34677 34677 34677 34677 34677 
34411 34411 34683 34411 38507 34409 34411 34409 34409 34411 34415 34411 34411 34403 34403 34411 34411 
34675 34675 34675 34403 34675 34675 34675 34673 34675 34679 34679 34675 34675 34675 34675 34675 34675 
38505 38505 38505 38505 38505 38505 38505 38505 38505 38505 38505 38505 38505 38505 38505 38505 38505 
38501 38501 38501 34677 34405 38501 38501 38503 38501 38497 38497 38501 38501 38509 38501 38501 38501 
38499 38499 34675 38499 34403 38497 38499 38497 38499 38499 38503 38499 38499 38507 38499 38499 38499 
34407 34407 34679 34679 34407 34405 34407 34407 34407 34403 34407 34407 34407 34407 34407 34407 34407 
34415 34415 34687 34687 38511 34413 34415 34415 34413 34411 34415 34415 34411 34407 34407 34407 34415 
34409 34409 34409 34409 38505 34409 34409 34409 34409 34409 34409 34409 34409 34401 34409 34409 34409 
34405 34405 34405 34677 34405 34405 34405 34407 34405 34401 34401 34405 34405 34405 34405 34405 34405 
34673 34673 34401 34401 34673 34675 34673 34673 34673 34677 34673 34673 34673 34673 34673 34673 34673 
34403 34403 34675 34403 34403 34401 34403 34401 34403 34403 34407 34403 34403 34403 34403 34403 34403 
38497 38497 38497 38497 34401 38497 38497 38497 38497 38497 38497 38497 38497 38505 38497 38497 38497 
34401 34401 34401 34401 34401 34401 34401 34401 34401 34401 34401 34401 34401 34401 34401 34401 34401 
34687 34687 34687 34687 38511 34687 34687 34687 34685 34687 34687 34687 34683 34679 34679 34679 34687 
38511 38511 34687 34687 38511 38509 38511 38511 38509 38507 38511 38511 38507 38511 38503 38503 38511 
34685 34685 34413 34685 38509 34687 34685 34687 34685 34685 34681 34685 34681 34677 34685 34677 34685 
34683 34683 34683 34411 38507 34683 34683 34681 34681 34687 34687 34683 34683 34675 34675 34683 34683 
34679 34679 34679 34679 34679 34679 34679 34679 34679 34679 34679 34679 34679 34679 34679 34679 34679 
38509 38509 38509 34685 38509 38509 38509 38511 38509 38505 38505 38509 38505 38509 38509 38501 38509 
38507 38507 34683 38507 38507 38505 38507 38505 38505 38507 38511 38507 38507 38507 38499 38507 38507 
38503 38503 34679 34679 34407 38501 38503 38503 38503 38499 38503 38503 38503 38511 38503 38503 38503 
34413 34413 34413 34685 38509 34413 34413 34415 34413 34409 34409 34413 34409 34405 34413 34405 34413 
34681 34681 34409 34409 38505 34683 34681 34681 34681 34685 34681 34681 34681 34673 34681 34681 34681 
34677 34677 34405 34677 34677 34679 34677 34679 34677 34677 34673 34677 34677 34677 34677 34677 34677 
34411 34411 34683 34411 38507 34409 34411 34409 34409 34411 34415 34411 34411 34403 34403 34411 34411 
34675 34675 34675 34403 34675 34675 34675 34673 34675 34679 34679 34675 34675 34675 34675 34675 34675 
38505 38505 38505 38505 38505 38505 38505 38505 38505 38505 38505 38505 38505 38505 38505 38505 38505 
38501 38501 38501 34677 34405 38501 38501 38503 38501 38497 38497 38501 38501 38509 38501 38501 38501 
38499 38499 34675 38499 34403 38497 38499 38497 38499 38499 38503 38499 38499 38507 38499 38499 38499 
34407 34407 34679 34679 34407 34405 34407 34407 34407 34403 34407 34407 34407 34407 34407 34407 34407 
34415 34415 34687 34687 38511 34413 34415 34415 34413 34411 34415 34415 34411 34407 34407 34407 34415 
34409 34409 34409 34409 38505 34409 34409 34409 34409 34409 34409 34409 34409 34401 34409 34409 34409 
34405 34405 34405 34677 34405 34405 34405 34407 34405 34401 34401 34405 34405 34405 34405 34405 34405 
34673 34673 34401 34401 34673 34675 34673 34673 34673 34677 34673 34673 34673 34673 34673 34673 34673 
34403 34403 34675 34403 34403 34401 34403 34401 34403 34403 34407 34403 34403 34403 34403 34403 34403 
38497 38497 38497 38497 34401 38497 38497 38497 38497 38497 38497 38497 38497 38505 38497 38497 38497 
34401 34401 34401 34401 34401 34401 34401 34401 34401 34401 34401 34401 34401 34401 34401 34401 34401 
34687 34687 34687 34687 38511 34687 34687 34687 34685 34687 34687 34687 34683 34679 34679 34679 34687 
38511 38511 34687 34687 38511 38509 38511 38511 38509 38507 38511 38511 38507 38511 38503 38503 38511 
34685 34685 34413 34685 38509 34687 34685 34687 34685 34685 34681 34685 34681 34677 34685 34677 34685 
34683 34683 34683 34411 38507 34683 34683 34681 34681 34687 34687 34683 34683 34675 34675 34683 34683 
34679 34679 34679 34679 34679 34679 34679 34679 34679 34679 34679 34679 34679 34679 34679 34679 34679 
38509 38509 38509 34685 38509 38509 38509 38511 38509 38505 38505 38509 38505 38509 38509 38501 38509 
38507 38507 34683 38507 38507 38505 38507 38505 38505 38507 38511 38507 38507 38507 38499 38507 38507 
38503 38503 34679 34679 34407 38501 38503 38503 38503 38499 38503 38503 38503 38511 38503 38503 38503 
34413 34413 34413 34685 38509 34413 34413 34415 34413 34409 34409 34413 34409 34405 34413 34405 34413 
34681 34681 34409 34409 38505 34683 34681 34681 34681 34685 34681 34681 34681 34673 34681 34681 34681 
34677 34677 34405 34677 34677 34679 34677 34679 34677 34677 34673 34677 34677 34677 34677 34677 34677 
34411 34411 34683 34411 38507 34409 34411 34409 34409 34411 34415 34411 34411 34403 34403 34411 34411 
34675 34675 34675 34403 34675 34675 34675 34673 34675 34679 34679 34675 34675 34675 34675 34675 34675 
38505 38505 38505 38505 38505 38505 38505 38505 38505 38505 38505 38505 38505 38505 38505 38505 38505 
38501 38501 38501 34677 34405 38501 38501 38503 38501 38497 38497 38501 38501 38509 38501 38501 38501 
38499 38499 34675 38499 34403 38497 38499 38497 38499 38499 38503 38499 38499 38507 38499 38499 38499 
34407 34407 34679 34679 34407 34405 34407 34407 34407 34403 34407 34407 34407 34407 34407 34407 34407 
34415 34415 34687 34687 38511 34413 34415 34415 34413 34411 34415 34415 34411 34407 34407 34407 34415 
34409 34409 34409 34409 38505 34409 34409 34409 34409 34409 34409 34409 34409 34401 34409 34409 34409 
34405 34405 34405 34677 34405 34405 34405 34407 34405 34401 34401 34405 34405 34405 34405 34405 34405 
34673 34673 34401 34401 34673 34675 34673 34673 34673 34677 34673 34673 34673 34673 34673 34673 34673 
34403 34403 34675 34403 34403 34401 34403 34401 34403 34403 34407 34403 34403 34403 34403 34403 34403 
38497 38497 38497 38497 34401 38497 38497 38497 38497 38497 38497 38497 38497 38505 38497 38497 38497 
34401 34401 34401 34401 34401 34401 34401 34401 34401 34401 34401 34401 34401 34401 34401 34401 34401 
34687 34687 34687 34687 38511 34687 34687 34687 34685 34687 34687 34687 34683 34679 34679 34679 34687 
38511 38511 34687 34687 38511 38509 38511 38511 38509 38507 38511 38511 38507 38511 38503 38503 38511 
34685 34685 34413 34685 38509 34687 34685 34687 34685 34685 34681 34685 34681 34677 34685 34677 34685 
34683 34683 34683 34411 38507 34683 34683 34681 34681 34687 34687 34683 34683 34675 34675 34683 34683 
34679 34679 34679 34679 34679 34679 34679 34679 34679 34679 34679 34679 34679 34679 34679 34679 34679 
38509 38509 38509 34685 38509 38509 38509 38511 38509 38505 38505 38509 38505 38509 38509 38501 38509 
38507 38507 34683 38507 38507 38505 38507 38505 38505 38507 38511 38507 38507 38507 38499 38507 38507 
38503 38503 34679 34679 34407 38501 38503 38503 38503 38499 38503 38503 38503 38511 38503 38503 38503 
34413 34413 34413 34685 38509 34413 34413 34415 34413 34409 34409 34413 34409 34405 34413 34405 34413 
34681 34681 34409 34409 38505 34683 34681 34681 34681 34685 34681 34681 34681 34673 34681 34681 34681 
34677 34677 34405 34677 34677 34679 34677 34679 34677 34677 34673 34677 34677 34677 34677 34677 34677 
34411 34411 34683 34411 38507 34409 34411 34409 34409 34411 34415 34411 34411 34403 34403 34411 34411 
34675 34675 34675 34403 34675 34675 34675 34673 34675 34679 34679 34675 34675 34675 34675 34675 34675 
38505 38505 38505 38505 38505 38505 38505 38505 38505 38505 38505 38505 38505 38505 38505 38505 38505 
38501 38501 38501 34677 34405 38501 38501 38503 38501 38497 38497 38501 38501 38509 38501 38501 38501 
38499 38499 34675 38499 34403 38497 38499 38497 38499 38499 38503 38499 38499 38507 38499 38499 38499 
34407 34407 34679 34679 34407 34405 34407 34407 34407 34403 34407 34407 34407 34407 34407 34407 34407 
34415 34415 34687 34687 38511 34413 34415 34415 34413 34411 34415 34415 34411 34407 34407 34407 34415 
34409 34409 34409 34409 38505 34409 34409 34409 34409 34409 34409 34409 34409 34401 34409 34409 34409 
34405 34405 34405 34677 34405 34405 34405 34407 34405 34401 34401 34405 34405 34405 34405 34405 34405 
34673 34673 34401 34401 34673 34675 34673 34673 34673 34677 34673 34673 34673 34673 34673 34673 34673 
34403 34403 34675 34403 34403 34401 34403 34401 34403 34403 34407 34403 34403 34403 34403 34403 34403 
38497 38497 38497 38497 34401 38497 38497 38497 38497 38497 38497 38497 38497 38505 38497 38497 38497 
34401 34401 34401 34401 34401 34401 34401 34401 34401 34401 34401 34401 34401 34401 34401 34401 34401 
34687 34687 34687 34687 38511 34687 34687 34687 34685 34687 34687 34687 34683 34679 34679 34679 34687 
38511 38511 34687 34687 38511 38509 38511 38511 38509 38507 38511 38511 38507 38511 38503 38503 38511 
34685 34685 34413 34685 38509 34687 34685 34687 34685 34685 34681 34685 34681 34677 34685 34677 34685 
34683 34683 34683 34411 38507 34683 34683 34681 34681 34687 34687 34683 34683 34675 34675 34683 34683 
34679 34679 34679 34679 34679 34679 34679 34679 34679 34679 34679 34679 34679 34679 34679 34679 34679 
38509 38509 38509 34685 38509 38509 38509 38511 38509 38505 38505 38509 38505 38509 38509 38501 38509 
38507 38507 34683 38507 38507 38505 38507 38505 38505 38507 38511 38507 38507 38507 38499 38507 38507 
38503 38503 34679 34679 34407 38501 38503 38503 38503 38499 38503 38503 38503 38511 38503 38503 38503 
34413 34413 34413 34685 38509 34413 34413 34415 34413 34409 34409 34413 34409 34405 34413 34405 34413 
34681 34681 34409 34409 38505 34683 34681 34681 34681 34685 34681 34681 34681 34673 34681 34681 34681 
34677 34677 34405 34677 34677 34679 34677 34679 34677 34677 34673 34677 34677 34677 34677 34677 34677 
34411 34411 34683 34411 38507 34409 34411 34409 34409 34411 34415 34411 34411 34403 34403 34411 34411 
34675 34675 34675 34403 34675 34675 34675 34673 34675 34679 34679 34675 34675 34675 34675 34675 34675 
38505 38505 38505 38505 38505 38505 38505 38505 38505 38505 38505 38505 38505 38505 38505 38505 38505 
38501 38501 38501 34677 34405 38501 38501 38503 38501 38497 38497 38501 38501 38509 38501 38501 38501 
38499 38499 34675 38499 34403 38497 38499 38497 38499 38499 38503 38499 38499 38507 38499 38499 38499 
34407 34407 34679 34679 34407 34405 34407 34407 34407 34403 34407 34407 34407 34407 34407 34407 34407 
34415 34415 34687 34687 38511 34413 34415 34415 34413 34411 34415 34415 34411 34407 34407 34407 34415 
34409 34409 34409 34409 38505 34409 34409 34409 34409 34409 34409 34409 34409 34401 34409 34409 34409 
34405 34405 34405 34677 34405 34405 34405 34407 34405 34401 34401 34405 34405 34405 34405 34405 34405 
34673 34673 34401 34401 34673 34675 34673 34673 34673 34677 34673 34673 34673 34673 34673 34673 34673 
34403 34403 34675 34403 34403 34401 34403 34401 34403 34403 34407 34403 34403 34403 34403 34403 34403 
38497 38497 38497 38497 34401 38497 38497 38497 38497 38497 38497 38497 38497 38505 38497 38497 38497 
34401 34401 34401 34401 34401 34401 34401 34401 34401 34401 34401 34401 34401 34401 34401 34401 34401 
34687 34687 34687 34687 38511 34687 34687 34687 34685 34687 34687 34687 34683 34679 34679 34679 34687 
38511 38511 34687 34687 38511 38509 38511 38511 38509 38507 38511 38511 38507 38511 38503 38503 38511 
34685 34685 34413 34685 38509 34687 34685 34687 34685 34685 34681 34685 34681 34677 34685 34677 34685 
34683 34683 34683 34411 38507 34683 34683 34681 34681 34687 34687 34683 34683 34675 34675 34683 34683 
34679 34679 34679 34679 34679 34679 34679 34679 34679 34679 34679 34679 34679 34679 34679 34679 34679 
38509 38509 38509 34685 38509 38509 38509 38511 38509 38505 38505 38509 38505 38509 38509 38501 38509 
38507 38507 34683 38507 38507 38505 38507 38505 38505 38507 38511 38507 38507 38507 38499 38507 38507 
38503 38503 34679 34679 34407 38501 38503 38503 38503 38499 38503 38503 38503 38511 38503 38503 38503 
34413 34413 34413 34685 38509 34413 34413 34415 34413 34409 34409 34413 34409 34405 34413 34405 34413 
34681 34681 34409 34409 38505 34683 34681 34681 34681 34685 34681 34681 34681 34673 34681 34681 34681 
34677 34677 34405 34677 34677 34679 34677 34679 34677 34677 34673 34677 34677 34677 34677 34677 34677 
34411 34411 34683 34411 38507 34409 34411 34409 34409 34411 34415 34411 34411 34403 34403 34411 34411 
34675 34675 34675 34403 34675 34675 34675 34673 34675 34679 34679 34675 34675 34675 34675 34675 34675 
38505 38505 38505 38505 38505 38505 38505 38505 38505 38505 38505 38505 38505 38505 38505 38505 38505 
38501 38501 38501 34677 34405 38501 38501 38503 38501 38497 38497 38501 38501 38509 38501 38501 38501 
38499 38499 34675 38499 34403 38497 38499 38497 38499 38499 38503 38499 38499 38507 38499 38499 38499 
34407 34407 34679 34679 34407 34405 34407 34407 34407 34403 34407 34407 34407 34407 34407 34407 34407 
34415 34415 34687 34687 38511 34413 34415 34415 34413 34411 34415 34415 34411 34407 34407 34407 34415 
34409 34409 34409 34409 38505 34409 34409 34409 34409 34409 34409 34409 34409 34401 34409 34409 34409 
34405 34405 34405 34677 34405 34405 34405 34407 34405 34401 34401 34405 34405 34405 34405 34405 34405 
34673 34673 34401 34401 34673 34675 34673 34673 34673 34677 34673 34673 34673 34673 34673 34673 34673 
34403 34403 34675 34403 34403 34401 34403 34401 34403 34403 34407 34403 34403 34403 34403 34403 34403 
38497 38497 38497 38497 34401 38497 38497 38497 38497 38497 38497 38497 38497 38505 38497 38497 38497 
34401 34401 34401 34401 34401 34401 34401 34401 34401 34401 34401 34401 34401 34401 34401 34401 34401 
34687 34687 34687 34687 38511 34687 34687 34687 34685 34687 34687 34687 34683 34679 34679 34679 34687 
38511 38511 34687 34687 38511 38509 38511 38511 38509 38507 38511 38511 38507 38511 38503 38503 38511 
34685 34685 34413 34685 38509 34687 34685 34687 34685 34685 34681 34685 34681 34677 34685 34677 34685 
34683 34683 34683 34411 38507 34683 34683 34681 34681 34687 34687 34683 34683 34675 34675 34683 34683 
34679 34679 34679 34679 34679 34679 34679 34679 34679 34679 34679 34679 34679 34679 34679 34679 34679 
38509 38509 38509 34685 38509 38509 38509 38511 38509 38505 38505 38509 38505 38509 38509 38501 38509 
38507 38507 34683 38507 38507 38505 38507 38505 38505 38507 38511 38507 38507 38507 38499 38507 38507 
38503 38503 34679 34679 34407 38501 38503 38503 38503 38499 38503 38503 38503 38511 38503 38503 38503 
34413 34413 34413 34685 38509 34413 34413 34415 34413 34409 34409 34413 34409 34405 34413 34405 34413 
34681 34681 34409 34409 38505 34683 34681 34681 34681 34685 34681 34681 34681 34673 34681 34681 34681 
34677 34677 34405 34677 34677 34679 34677 34679 34677 34677 34673 34677 34677 34677 34677 34677 34677 
34411 34411 34683 34411 38507 34409 34411 34409 34409 34411 34415 34411 34411 34403 34403 34411 34411 
34675 34675 34675 34403 34675 34675 34675 34673 34675 34679 34679 34675 34675 34675 34675 34675 34675 
38505 38505 38505 38505 38505 38505 38505 38505 38505 38505 38505 38505 38505 38505 38505 38505 38505 
38501 38501 38501 34677 34405 38501 38501 38503 38501 38497 38497 38501 38501 38509 38501 38501 38501 
38499 38499 34675 38499 34403 38497 38499 38497 38499 38499 38503 38499 38499 38507 38499 38499 38499 
34407 34407 34679 34679 34407 34405 34407 34407 34407 34403 34407 34407 34407 34407 34407 34407 34407 
34415 34415 34687 34687 38511 34413 34415 34415 34413 34411 34415 34415 34411 34407 34407 34407 34415 
34409 34409 34409 34409 38505 34409 34409 34409 34409 34409 34409 34409 34409 34401 34409 34409 34409 
34405 34405 34405 34677 34405 34405 34405 34407 34405 34401 34401 34405 34405 34405 34405 34405 34405 
34673 34673 34401 34401 34673 34675 34673 34673 34673 34677 34673 34673 34673 34673 34673 34673 34673 
34403 34403 34675 34403 34403 34401 34403 34401 34403 34403 34407 34403 34403 34403 34403 34403 34403 
38497 38497 38497 38497 34401 38497 38497 38497 38497 38497 38497 38497 38497 38505 38497 38497 38497 
34401 34401 34401 34401 34401 34401 34401 34401 34401 34401 34401 34401 34401 34401 34401 34401 34401 
34687 34687 34687 34687 38511 34687 34687 34687 34685 34687 34687 34687 34683 34679 34679 34679 34687 
38511 38511 34687 34687 38511 38509 38511 38511 38509 38507 38511 38511 38507 38511 38503 38503 38511 
34685 34685 34413 34685 38509 34687 34685 34687 34685 34685 34681 34685 34681 34677 34685 34677 34685 
34683 34683 34683 34411 38507 34683 34683 34681 34681 34687 34687 34683 34683 34675 34675 34683 34683 
34679 34679 34679 34679 34679 34679 34679 34679 34679 34679 34679 34679 34679 34679 34679 34679 34679 
38509 38509 38509 34685 38509 38509 38509 38511 38509 38505 38505 38509 38505 38509 38509 38501 38509 
38507 38507 34683 38507 38507 38505 38507 38505 38505 38507 38511 38507 38507 38507 38499 38507 38507 
38503 38503 34679 34679 34407 38501 38503 38503 38503 38499 38503 38503 38503 38511 38503 38503 38503 
34413 34413 34413 34685 38509 34413 34413 34415 34413 34409 34409 34413 34409 34405 34413 34405 34413 
34681 34681 34409 34409 38505 34683 34681 34681 34681 34685 34681 34681 34681 34673 34681 34681 34681 
34677 34677 34405 34677 34677 34679 34677 34679 34677 34677 34673 34677 34677 34677 34677 34677 34677 
34411 34411 34683 34411 38507 34409 34411 34409 34409 34411 34415 34411 34411 34403 34403 34411 34411 
34675 34675 34675 34403 34675 34675 34675 34673 34675 34679 34679 34675 34675 34675 34675 34675 34675 
38505 38505 38505 38505 38505 38505 38505 38505 38505 38505 38505 38505 38505 38505 38505 38505 38505 
38501 38501 38501 34677 34405 38501 38501 38503 38501 38497 38497 38501 38501 38509 38501 38501 38501 
38499 38499 34675 38499 34403 38497 38499 38497 38499 38499 38503 38499 38499 38507 38499 38499 38499 
34407 34407 34679 34679 34407 34405 34407 34407 34407 34403 34407 34407 34407 34407 34407 34407 34407 
34415 34415 34687 34687 38511 34413 34415 34415 34413 34411 34415 34415 34411 34407 34407 34407 34415 
34409 34409 34409 34409 38505 34409 34409 34409 34409 34409 34409 34409 34409 34401 34409 34409 34409 
34405 34405 34405 34677 34405 34405 34405 34407 34405 34401 34401 34405 34405 34405 34405 34405 34405 
34673 34673 34401 34401 34673 34675 34673 34673 34673 34677 34673 34673 34673 34673 34673 34673 34673 
34403 34403 34675 34403 34403 34401 34403 34401 34403 34403 34407 34403 34403 34403 34403 34403 34403 
38497 38497 38497 38497 34401 38497 38497 38497 38497 38497 38497 38497 38497 38505 38497 38497 38497 
34401 34401 34401 34401 34401 34401 34401 34401 34401 34401 34401 34401 34401 34401 34401 34401 34401 
34687 34687 34687 34687 38511 34687 34687 34687 34685 34687 34687 34687 34683 34679 34679 34679 34687 
38511 38511 34687 34687 38511 38509 38511 38511 38509 38507 38511 38511 38507 38511 38503 38503 38511 
34685 34685 34413 34685 38509 34687 34685 34687 34685 34685 34681 34685 34681 34677 34685 34677 34685 
34683 34683 34683 34411 38507 34683 34683 34681 34681 34687 34687 34683 34683 34675 34675 34683 34683 
34679 34679 34679 34679 34679 34679 34679 34679 34679 34679 34679 34679 34679 34679 34679 34679 34679 
38509 38509 38509 34685 38509 38509 38509 38511 38509 38505 38505 38509 38505 38509 38509 38501 38509 
38507 38507 34683 38507 38507 38505 38507 38505 38505 38507 38511 38507 38507 38507 38499 38507 38507 
38503 38503 34679 34679 34407 38501 38503 38503 38503 38499 38503 38503 38503 38511 38503 38503 38503 
34413 34413 34413 34685 38509 34413 34413 34415 34413 34409 34409 34413 34409 34405 34413 34405 34413 
34681 34681 34409 34409 38505 34683 34681 34681 34681 34685 34681 34681 34681 34673 34681 34681 34681 
34677 34677 34405 34677 34677 34679 34677 34679 34677 34677 34673 34677 34677 34677 34677 34677 34677 
34411 34411 34683 34411 38507 34409 34411 34409 34409 34411 34415 34411 34411 34403 34403 34411 34411 
34675 34675 34675 34403 34675 34675 34675 34673 34675 34679 34679 34675 34675 34675 34675 34675 34675 
38505 38505 38505 38505 38505 38505 38505 38505 38505 38505 38505 38505 38505 38505 38505 38505 38505 
38501 38501 38501 34677 34405 38501 38501 38503 38501 38497 38497 38501 38501 38509 38501 38501 38501 
38499 38499 34675 38499 34403 38497 38499 38497 38499 38499 38503 38499 38499 38507 38499 38499 38499 
34407 34407 34679 34679 34407 34405 34407 34407 34407 34403 34407 34407 34407 34407 34407 34407 34407 
34415 34415 34687 34687 38511 34413 34415 34415 34413 34411 34415 34415 34411 34407 34407 34407 34415 
34409 34409 34409 34409 38505 34409 34409 34409 34409 34409 34409 34409 34409 34401 34409 34409 34409 
34405 34405 34405 34677 34405 34405 34405 34407 34405 34401 34401 34405 34405 34405 34405 34405 34405 
34673 34673 34401 34401 34673 34675 34673 34673 34673 34677 34673 34673 34673 34673 34673 34673 34673 
34403 34403 34675 34403 34403 34401 34403 34401 34403 34403 34407 34403 34403 34403 34403 34403 34403 
38497 38497 38497 38497 34401 38497 38497 38497 38497 38497 38497 38497 38497 38505 38497 38497 38497 
34401 34401 34401 34401 34401 34401 34401 34401 34401 34401 34401 34401 34401 34401 34401 34401 34401 
34687 34687 34687 34687 38511 34687 34687 34687 34685 34687 34687 34687 34683 34679 34679 34679 34687 
38511 38511 34687 34687 38511 38509 38511 38511 38509 38507 38511 38511 38507 38511 38503 38503 38511 
34685 34685 34413 34685 38509 34687 34685 34687 34685 34685 34681 34685 34681 34677 34685 34677 34685 
34683 34683 34683 34411 38507 34683 34683 34681 34681 34687 34687 34683 34683 34675 34675 34683 34683 
34679 34679 34679 34679 34679 34679 34679 34679 34679 34679 34679 34679 34679 34679 34679 34679 34679 
38509 38509 38509 34685 38509 38509 38509 38511 38509 38505 38505 38509 38505 38509 38509 38501 38509 
38507 38507 34683 38507 38507 38505 38507 38505 38505 38507 38511 38507 38507 38507 38499 38507 38507 
38503 38503 34679 34679 34407 38501 38503 38503 38503 38499 38503 38503 38503 38511 38503 38503 38503 
34413 34413 34413 34685 38509 34413 34413 34415 34413 34409 34409 34413 34409 34405 34413 34405 34413 
34681 34681 34409 34409 38505 34683 34681 34681 34681 34685 34681 34681 34681 34673 34681 34681 34681 
34677 34677 34405 34677 34677 34679 34677 34679 34677 34677 34673 34677 34677 34677 34677 34677 34677 
34411 34411 34683 34411 38507 34409 34411 34409 34409 34411 34415 34411 34411 34403 34403 34411 34411 
34675 34675 34675 34403 34675 34675 34675 34673 34675 34679 34679 34675 34675 34675 34675 34675 34675 
38505 38505 38505 38505 38505 38505 38505 38505 38505 38505 38505 38505 38505 38505 38505 38505 38505 
38501 38501 38501 34677 34405 38501 38501 38503 38501 38497 38497 38501 38501 38509 38501 38501 38501 
38499 38499 34675 38499 34403 38497 38499 38497 38499 38499 38503 38499 38499 38507 38499 38499 38499 
34407 34407 34679 34679 34407 34405 34407 34407 34407 34403 34407 34407 34407 34407 34407 34407 34407 
34415 34415 34687 34687 38511 34413 34415 34415 34413 34411 34415 34415 34411 34407 34407 34407 34415 
34409 34409 34409 34409 38505 34409 34409 34409 34409 34409 34409 34409 34409 34401 34409 34409 34409 
34405 34405 34405 34677 34405 34405 34405 34407 34405 34401 34401 34405 34405 34405 34405 34405 34405 
34673 34673 34401 34401 34673 34675 34673 34673 34673 34677 34673 34673 34673 34673 34673 34673 34673 
34403 34403 34675 34403 34403 34401 34403 34401 34403 34403 34407 34403 34403 34403 34403 34403 34403 
38497 38497 38497 38497 34401 38497 38497 38497 38497 38497 38497 38497 38497 38505 38497 38497 38497 
34401 34401 34401 34401 34401 34401 34401 34401 34401 34401 34401 34401 34401 34401 34401 34401 34401 
34687 34687 34687 34687 38511 34687 34687 34687 34685 34687 34687 34687 34683 34679 34679 34679 34687 
38511 38511 34687 34687 38511 38509 38511 38511 38509 38507 38511 38511 38507 38511 38503 38503 38511 
34685 34685 34413 34685 38509 34687 34685 34687 34685 34685 34681 34685 34681 34677 34685 34677 34685 
34683 34683 34683 34411 38507 34683 34683 34681 34681 34687 34687 34683 34683 34675 34675 34683 34683 
34679 34679 34679 34679 34679 34679 34679 34679 34679 34679 34679 34679 34679 34679 34679 34679 34679 
38509 38509 38509 34685 38509 38509 38509 38511 38509 38505 38505 38509 38505 38509 38509 38501 38509 
38507 38507 34683 38507 38507 38505 38507 38505 38505 38507 38511 38507 38507 38507 38499 38507 38507 
38503 38503 34679 34679 34407 38501 38503 38503 38503 38499 38503 38503 38503 38511 38503 38503 38503 
34413 34413 34413 34685 38509 34413 34413 34415 34413 34409 34409 34413 34409 34405 34413 34405 34413 
34681 34681 34409 34409 38505 34683 34681 34681 34681 34685 34681 34681 34681 34673 34681 34681 34681 
34677 34677 34405 34677 34677 34679 34677 34679 34677 34677 34673 34677 34677 34677 34677 34677 34677 
34411 34411 34683 34411 38507 34409 34411 34409 34409 34411 34415 34411 34411 34403 34403 34411 34411 
34675 34675 34675 34403 34675 34675 34675 34673 34675 34679 34679 34675 34675 34675 34675 34675 34675 
38505 38505 38505 38505 38505 38505 38505 38505 38505 38505 38505 38505 38505 38505 38505 38505 38505 
38501 38501 38501 34677 34405 38501 38501 38503 38501 38497 38497 38501 38501 38509 38501 38501 38501 
38499 38499 34675 38499 34403 38497 38499 38497 38499 38499 38503 38499 38499 38507 38499 38499 38499 
34407 34407 34679 34679 34407 34405 34407 34407 34407 34403 34407 34407 34407 34407 34407 34407 34407 
34415 34415 34687 34687 38511 34413 34415 34415 34413 34411 34415 34415 34411 34407 34407 34407 34415 
34409 34409 34409 34409 38505 34409 34409 34409 34409 34409 34409 34409 34409 34401 34409 34409 34409 
34405 34405 34405 34677 34405 34405 34405 34407 34405 34401 34401 34405 34405 34405 34405 34405 34405 
34673 34673 34401 34401 34673 34675 34673 34673 34673 34677 34673 34673 34673 34673 34673 34673 34673 
34403 34403 34675 34403 34403 34401 34403 34401 34403 34403 34407 34403 34403 34403 34403 34403 34403 
38497 38497 38497 38497 34401 38497 38497 38497 38497 38497 38497 38497 38497 38505 38497 38497 38497 
34401 34401 34401 34401 34401 34401 34401 34401 34401 34401 34401 34401 34401 34401 34401 34401 34401 
34687 34687 34687 34687 38511 34687 34687 34687 34685 34687 34687 34687 34683 34679 34679 34679 34687 
38511 38511 34687 34687 38511 38509 38511 38511 38509 38507 38511 38511 38507 38511 38503 38503 38511 
34685 34685 34413 34685 38509 34687 34685 34687 34685 34685 34681 34685 34681 34677 34685 34677 34685 
34683 34683 34683 34411 38507 34683 34683 34681 34681 34687 34687 34683 34683 34675 34675 34683 34683 
34679 34679 34679 34679 34679 34679 34679 34679 34679 34679 34679 34679 34679 34679 34679 34679 34679 
38509 38509 38509 34685 38509 38509 38509 38511 38509 38505 38505 38509 38505 38509 38509 38501 38509 
38507 38507 34683 38507 38507 38505 38507 38505 38505 38507 38511 38507 38507 38507 38499 38507 38507 
38503 38503 34679 34679 34407 38501 38503 38503 38503 38499 38503 38503 38503 38511 38503 38503 38503 
34413 34413 34413 34685 38509 34413 34413 34415 34413 34409 34409 34413 34409 34405 34413 34405 34413 
34681 34681 34409 34409 38505 34683 34681 34681 34681 34685 34681 34681 34681 34673 34681 34681 34681 
34677 34677 34405 34677 34677 34679 34677 34679 34677 34677 34673 34677 34677 34677 34677 34677 34677 
34411 34411 34683 34411 38507 34409 34411 34409 34409 34411 34415 34411 34411 34403 34403 34411 34411 
34675 34675 34675 34403 34675 34675 34675 34673 34675 34679 34679 34675 34675 34675 34675 34675 34675 
38505 38505 38505 38505 38505 38505 38505 38505 38505 38505 38505 38505 38505 38505 38505 38505 38505 
38501 38501 38501 34677 34405 38501 38501 38503 38501 38497 38497 38501 38501 38509 38501 38501 38501 
38499 38499 34675 38499 34403 38497 38499 38497 38499 38499 38503 38499 38499 38507 38499 38499 38499 
34407 34407 34679 34679 34407 34405 34407 34407 34407 34403 34407 34407 34407 34407 34407 34407 34407 
34415 34415 34687 34687 38511 34413 34415 34415 34413 34411 34415 34415 34411 34407 34407 34407 34415 
34409 34409 34409 34409 38505 34409 34409 34409 34409 34409 34409 34409 34409 34401 34409 34409 34409 
34405 34405 34405 34677 34405 34405 34405 34407 34405 34401 34401 34405 34405 34405 34405 34405 34405 
34673 34673 34401 34401 34673 34675 34673 34673 34673 34677 34673 34673 34673 34673 34673 34673 34673 
34403 34403 34675 34403 34403 34401 34403 34401 34403 34403 34407 34403 34403 34403 34403 34403 34403 
38497 38497 38497 38497 34401 38497 38497 38497 38497 38497 38497 38497 38497 38505 38497 38497 38497 
34401 34401 34401 34401 34401 34401 34401 34401 34401 34401 34401 34401 34401 34401 34401 34401 34401 
34687 34687 34687 34687 38511 34687 34687 34687 34685 34687 34687 34687 34683 34679 34679 34679 34687 
38511 38511 34687 34687 38511 38509 38511 38511 38509 38507 38511 38511 38507 38511 38503 38503 38511 
34685 34685 34413 34685 38509 34687 34685 34687 34685 34685 34681 34685 34681 34677 34685 34677 34685 
34683 34683 34683 34411 38507 34683 34683 34681 34681 34687 34687 34683 34683 34675 34675 34683 34683 
34679 34679 34679 34679 34679 34679 34679 34679 34679 34679 34679 34679 34679 34679 34679 34679 34679 
38509 38509 38509 34685 38509 38509 38509 38511 38509 38505 38505 38509 38505 38509 38509 38501 38509 
38507 38507 34683 38507 38507 38505 38507 38505 38505 38507 38511 38507 38507 38507 38499 38507 38507 
38503 38503 34679 34679 34407 38501 38503 38503 38503 38499 38503 38503 38503 38511 38503 38503 38503 
34413 34413 34413 34685 38509 34413 34413 34415 34413 34409 34409 34413 34409 34405 34413 34405 34413 
34681 34681 34409 34409 38505 34683 34681 34681 34681 34685 34681 34681 34681 34673 34681 34681 34681 
34677 34677 34405 34677 34677 34679 34677 34679 34677 34677 34673 34677 34677 34677 34677 34677 34677 
34411 34411 34683 34411 38507 34409 34411 34409 34409 34411 34415 34411 34411 34403 34403 34411 34411 
34675 34675 34675 34403 34675 34675 34675 34673 34675 34679 34679 34675 34675 34675 34675 34675 34675 
38505 38505 38505 38505 38505 38505 38505 38505 38505 38505 38505 38505 38505 38505 38505 38505 38505 
38501 38501 38501 34677 34405 38501 38501 38503 38501 38497 38497 38501 38501 38509 38501 38501 38501 
38499 38499 34675 38499 34403 38497 38499 38497 38499 38499 38503 38499 38499 38507 38499 38499 38499 
34407 34407 34679 34679 34407 34405 34407 34407 34407 34403 34407 34407 34407 34407 34407 34407 34407 
34415 34415 34687 34687 38511 34413 34415 34415 34413 34411 34415 34415 34411 34407 34407 34407 34415 
34409 34409 34409 34409 38505 34409 34409 34409 34409 34409 34409 34409 34409 34401 34409 34409 34409 
34405 34405 34405 34677 34405 34405 34405 34407 34405 34401 34401 34405 34405 34405 34405 34405 34405 
34673 34673 34401 34401 34673 34675 34673 34673 34673 34677 34673 34673 34673 34673 34673 34673 34673 
34403 34403 34675 34403 34403 34401 34403 34401 34403 34403 34407 34403 34403 34403 34403 34403 34403 
38497 38497 38497 38497 34401 38497 38497 38497 38497 38497 38497 38497 38497 38505 38497 38497 38497 
34401 34401 34401 34401 34401 34401 34401 34401 34401 34401 34401 34401 34401 34401 34401 34401 34401 
34687 34687 34687 34687 38511 34687 34687 34687 34685 34687 34687 34687 34683 34679 34679 34679 34687 
38511 38511 34687 34687 38511 38509 38511 38511 38509 38507 38511 38511 38507 38511 38503 38503 38511 
34685 34685 34413 34685 38509 34687 34685 34687 34685 34685 34681 34685 34681 34677 34685 34677 34685 
34683 34683 34683 34411 38507 34683 34683 34681 34681 34687 34687 34683 34683 34675 34675 34683 34683 
34679 34679 34679 34679 34679 34679 34679 34679 34679 34679 34679 34679 34679 34679 34679 34679 34679 
38509 38509 38509 34685 38509 38509 38509 38511 38509 38505 38505 38509 38505 38509 38509 38501 38509 
38507 38507 34683 38507 38507 38505 38507 38505 38505 38507 38511 38507 38507 38507 38499 38507 38507 
38503 38503 34679 34679 34407 38501 38503 38503 38503 38499 38503 38503 38503 38511 38503 38503 38503 
34413 34413 34413 34685 38509 34413 34413 34415 34413 34409 34409 34413 34409 34405 34413 34405 34413 
34681 34681 34409 34409 38505 34683 34681 34681 34681 34685 34681 34681 34681 34673 34681 34681 34681 
34677 34677 34405 34677 34677 34679 34677 34679 34677 34677 34673 34677 34677 34677 34677 34677 34677 
34411 34411 34683 34411 38507 34409 34411 34409 34409 34411 34415 34411 34411 34403 34403 34411 34411 
34675 34675 34675 34403 34675 34675 34675 34673 34675 34679 34679 34675 34675 34675 34675 34675 34675 
38505 38505 38505 38505 38505 38505 38505 38505 38505 38505 38505 38505 38505 38505 38505 38505 38505 
38501 38501 38501 34677 34405 38501 38501 38503 38501 38497 38497 38501 38501 38509 38501 38501 38501 
38499 38499 34675 38499 34403 38497 38499 38497 38499 38499 38503 38499 38499 38507 38499 38499 38499 
34407 34407 34679 34679 34407 34405 34407 34407 34407 34403 34407 34407 34407 34407 34407 34407 34407 
34415 34415 34687 34687 38511 34413 34415 34415 34413 34411 34415 34415 34411 34407 34407 34407 34415 
34409 34409 34409 34409 38505 34409 34409 34409 34409 34409 34409 34409 34409 34401 34409 34409 34409 
34405 34405 34405 34677 34405 34405 34405 34407 34405 34401 34401 34405 34405 34405 34405 34405 34405 
34673 34673 34401 34401 34673 34675 34673 34673 34673 34677 34673 34673 34673 34673 34673 34673 34673 
34403 34403 34675 34403 34403 34401 34403 34401 34403 34403 34407 34403 34403 34403 34403 34403 34403 
38497 38497 38497 38497 34401 38497 38497 38497 38497 38497 38497 38497 38497 38505 38497 38497 38497 
34401 34401 34401 34401 34401 34401 34401 34401 34401 34401 34401 34401 34401 34401 34401 34401 34401 
34687 34687 34687 34687 38511 34687 34687 34687 34685 34687 34687 34687 34683 34679 34679 34679 34687 
38511 38511 34687 34687 38511 38509 38511 38511 38509 38507 38511 38511 38507 38511 38503 38503 38511 
34685 34685 34413 34685 38509 34687 34685 34687 34685 34685 34681 34685 34681 34677 34685 34677 34685 
34683 34683 34683 34411 38507 34683 34683 34681 34681 34687 34687 34683 34683 34675 34675 34683 34683 
34679 34679 34679 34679 34679 34679 34679 34679 34679 34679 34679 34679 34679 34679 34679 34679 34679 
38509 38509 38509 34685 38509 38509 38509 38511 38509 38505 38505 38509 38505 38509 38509 38501 38509 
38507 38507 34683 38507 38507 38505 38507 38505 38505 38507 38511 38507 38507 38507 38499 38507 38507 
38503 38503 34679 34679 34407 38501 38503 38503 38503 38499 38503 38503 38503 38511 38503 38503 38503 
34413 34413 34413 34685 38509 34413 34413 34415 34413 34409 34409 34413 34409 34405 34413 34405 34413 
34681 34681 34409 34409 38505 34683 34681 34681 34681 34685 34681 34681 34681 34673 34681 34681 34681 
34677 34677 34405 34677 34677 34679 34677 34679 34677 34677 34673 34677 34677 34677 34677 34677 34677 
34411 34411 34683 34411 38507 34409 34411 34409 34409 34411 34415 34411 34411 34403 34403 34411 34411 
34675 34675 34675 34403 34675 34675 34675 34673 34675 34679 34679 34675 34675 34675 34675 34675 34675 
38505 38505 38505 38505 38505 38505 38505 38505 38505 38505 38505 38505 38505 38505 38505 38505 38505 
38501 38501 38501 34677 34405 38501 38501 38503 38501 38497 38497 38501 38501 38509 38501 38501 38501 
38499 38499 34675 38499 34403 38497 38499 38497 38499 38499 38503 38499 38499 38507 38499 38499 38499 
34407 34407 34679 34679 34407 34405 34407 34407 34407 34403 34407 34407 34407 34407 34407 34407 34407 
34415 34415 34687 34687 38511 34413 34415 34415 34413 34411 34415 34415 34411 34407 34407 34407 34415 
34409 34409 34409 34409 38505 34409 34409 34409 34409 34409 34409 34409 34409 34401 34409 34409 34409 
34405 34405 34405 34677 34405 34405 34405 34407 34405 34401 34401 34405 34405 34405 34405 34405 34405 
34673 34673 34401 34401 34673 34675 34673 34673 34673 34677 34673 34673 34673 34673 34673 34673 34673 
34403 34403 34675 34403 34403 34401 34403 34401 34403 34403 34407 34403 34403 34403 34403 34403 34403 
38497 38497 38497 38497 34401 38497 38497 38497 38497 38497 38497 38497 38497 38505 38497 38497 38497 
34401 34401 34401 34401 34401 34401 34401 34401 34401 34401 34401 34401 34401 34401 34401 34401 34401 
34687 34687 34687 34687 38511 34687 34687 34687 34685 34687 34687 34687 34683 34679 34679 34679 34687 
38511 38511 34687 34687 38511 38509 38511 38511 38509 38507 38511 38511 38507 38511 38503 38503 38511 
34685 34685 34413 34685 38509 34687 34685 34687 34685 34685 34681 34685 34681 34677 34685 34677 34685 
34683 34683 34683 34411 38507 34683 34683 34681 34681 34687 34687 34683 34683 34675 34675 34683 34683 
34679 34679 34679 34679 34679 34679 34679 34679 34679 34679 34679 34679 34679 34679 34679 34679 34679 
38509 38509 38509 34685 38509 38509 38509 38511 38509 38505 38505 38509 38505 38509 38509 38501 38509 
38507 38507 34683 38507 38507 38505 38507 38505 38505 38507 38511 38507 38507 38507 38499 38507 38507 
38503 38503 34679 34679 34407 38501 38503 38503 38503 38499 38503 38503 38503 38511 38503 38503 38503 
34413 34413 34413 34685 38509 34413 34413 34415 34413 34409 34409 34413 34409 34405 34413 34405 34413 
34681 34681 34409 34409 38505 34683 34681 34681 34681 34685 34681 34681 34681 34673 34681 34681 34681 
34677 34677 34405 34677 34677 34679 34677 34679 34677 34677 34673 34677 34677 34677 34677 34677 34677 
34411 34411 34683 34411 38507 34409 34411 34409 34409 34411 34415 34411 34411 34403 34403 34411 34411 
34675 34675 34675 34403 34675 34675 34675 34673 34675 34679 34679 34675 34675 34675 34675 34675 34675 
38505 38505 38505 38505 38505 38505 38505 38505 38505 38505 38505 38505 38505 38505 38505 38505 38505 
38501 38501 38501 34677 34405 38501 38501 38503 38501 38497 38497 38501 38501 38509 38501 38501 38501 
38499 38499 34675 38499 34403 38497 38499 38497 38499 38499 38503 38499 38499 38507 38499 38499 38499 
34407 34407 34679 34679 34407 34405 34407 34407 34407 34403 34407 34407 34407 34407 34407 34407 34407 
34415 34415 34687 34687 38511 34413 34415 34415 34413 34411 34415 34415 34411 34407 34407 34407 34415 
34409 34409 34409 34409 38505 34409 34409 34409 34409 34409 34409 34409 34409 34401 34409 34409 34409 
34405 34405 34405 34677 34405 34405 34405 34407 34405 34401 34401 34405 34405 34405 34405 34405 34405 
34673 34673 34401 34401 34673 34675 34673 34673 34673 34677 34673 34673 34673 34673 34673 34673 34673 
34403 34403 34675 34403 34403 34401 34403 34401 34403 34403 34407 34403 34403 34403 34403 34403 34403 
38497 38497 38497 38497 34401 38497 38497 38497 38497 38497 38497 38497 38497 38505 38497 38497 38497 
34401 34401 34401 34401 34401 34401 34401 34401 34401 34401 34401 34401 34401 34401 34401 34401 34401 
34687 34687 34687 34687 38511 34687 34687 34687 34685 34687 34687 34687 34683 34679 34679 34679 34687 
38511 38511 34687 34687 38511 38509 38511 38511 38509 38507 38511 38511 38507 38511 38503 38503 38511 
34685 34685 34413 34685 38509 34687 34685 34687 34685 34685 34681 34685 34681 34677 34685 34677 34685 
34683 34683 34683 34411 38507 34683 34683 34681 34681 34687 34687 34683 34683 34675 34675 34683 34683 
34679 34679 34679 34679 34679 34679 34679 34679 34679 34679 34679 34679 34679 34679 34679 34679 34679 
38509 38509 38509 34685 38509 38509 38509 38511 38509 38505 38505 38509 38505 38509 38509 38501 38509 
38507 38507 34683 38507 38507 38505 38507 38505 38505 38507 38511 38507 38507 38507 38499 38507 38507 
38503 38503 34679 34679 34407 38501 38503 38503 38503 38499 38503 38503 38503 38511 38503 38503 38503 
34413 34413 34413 34685 38509 34413 34413 34415 34413 34409 34409 34413 34409 34405 34413 34405 34413 
34681 34681 34409 34409 38505 34683 34681 34681 34681 34685 34681 34681 34681 34673 34681 34681 34681 
34677 34677 34405 34677 34677 34679 34677 34679 34677 34677 34673 34677 34677 34677 34677 34677 34677 
34411 34411 34683 34411 38507 34409 34411 34409 34409 34411 34415 34411 34411 34403 34403 34411 34411 
34675 34675 34675 34403 34675 34675 34675 34673 34675 34679 34679 34675 34675 34675 34675 34675 34675 
38505 38505 38505 38505 38505 38505 38505 38505 38505 38505 38505 38505 38505 38505 38505 38505 38505 
38501 38501 38501 34677 34405 38501 38501 38503 38501 38497 38497 38501 38501 38509 38501 38501 38501 
38499 38499 34675 38499 34403 38497 38499 38497 38499 38499 38503 38499 38499 38507 38499 38499 38499 
34407 34407 34679 34679 34407 34405 34407 34407 34407 34403 34407 34407 34407 34407 34407 34407 34407 
34415 34415 34687 34687 38511 34413 34415 34415 34413 34411 34415 34415 34411 34407 34407 34407 34415 
34409 34409 34409 34409 38505 34409 34409 34409 34409 34409 34409 34409 34409 34401 34409 34409 34409 
34405 34405 34405 34677 34405 34405 34405 34407 34405 34401 34401 34405 34405 34405 34405 34405 34405 
34673 34673 34401 34401 34673 34675 34673 34673 34673 34677 34673 34673 34673 34673 34673 34673 34673 
34403 34403 34675 34403 34403 34401 34403 34401 34403 34403 34407 34403 34403 34403 34403 34403 34403 
38497 38497 38497 38497 34401 38497 38497 38497 38497 38497 38497 38497 38497 38505 38497 38497 38497 
34401 34401 34401 34401 34401 34401 34401 34401 34401 34401 34401 34401 34401 34401 34401 34401 34401 
34687 34687 34687 34687 38511 34687 34687 34687 34685 34687 34687 34687 34683 34679 34679 34679 34687 
38511 38511 34687 34687 38511 38509 38511 38511 38509 38507 38511 38511 38507 38511 38503 38503 38511 
34685 34685 34413 34685 38509 34687 34685 34687 34685 34685 34681 34685 34681 34677 34685 34677 34685 
34683 34683 34683 34411 38507 34683 34683 34681 34681 34687 34687 34683 34683 34675 34675 34683 34683 
34679 34679 34679 34679 34679 34679 34679 34679 34679 34679 34679 34679 34679 34679 34679 34679 34679 
38509 38509 38509 34685 38509 38509 38509 38511 38509 38505 38505 38509 38505 38509 38509 38501 38509 
38507 38507 34683 38507 38507 38505 38507 38505 38505 38507 38511 38507 38507 38507 38499 38507 38507 
38503 38503 34679 34679 34407 38501 38503 38503 38503 38499 38503 38503 38503 38511 38503 38503 38503 
34413 34413 34413 34685 38509 34413 34413 34415 34413 34409 34409 34413 34409 34405 34413 34405 34413 
34681 34681 34409 34409 38505 34683 34681 34681 34681 34685 34681 34681 34681 34673 34681 34681 34681 
34677 34677 34405 34677 34677 34679 34677 34679 34677 34677 34673 34677 34677 34677 34677 34677 34677 
34411 34411 34683 34411 38507 34409 34411 34409 34409 34411 34415 34411 34411 34403 34403 34411 34411 
34675 34675 34675 34403 34675 34675 34675 34673 34675 34679 34679 34675 34675 34675 34675 34675 34675 
38505 38505 38505 38505 38505 38505 38505 38505 38505 38505 38505 38505 38505 38505 38505 38505 38505 
38501 38501 38501 34677 34405 38501 38501 38503 38501 38497 38497 38501 38501 38509 38501 38501 38501 
38499 38499 34675 38499 34403 38497 38499 38497 38499 38499 38503 38499 38499 38507 38499 38499 38499 
34407 34407 34679 34679 34407 34405 34407 34407 34407 34403 34407 34407 34407 34407 34407 34407 34407 
34415 34415 34687 34687 38511 34413 34415 34415 34413 34411 34415 34415 34411 34407 34407 34407 34415 
34409 34409 34409 34409 38505 34409 34409 34409 34409 34409 34409 34409 34409 34401 34409 34409 34409 
34405 34405 34405 34677 34405 34405 34405 34407 34405 34401 34401 34405 34405 34405 34405 34405 34405 
34673 34673 34401 34401 34673 34675 34673 34673 34673 34677 34673 34673 34673 34673 34673 34673 34673 
34403 34403 34675 34403 34403 34401 34403 34401 34403 34403 34407 34403 34403 34403 34403 34403 34403 
38497 38497 38497 38497 34401 38497 38497 38497 38497 38497 38497 38497 38497 38505 38497 38497 38497 
34401 34401 34401 34401 34401 34401 34401 34401 34401 34401 34401 34401 34401 34401 34401 34401 34401 
34687 34687 34687 34687 38511 34687 34687 34687 34685 34687 34687 34687 34683 34679 34679 34679 34687 
38511 38511 34687 34687 38511 38509 38511 38511 38509 38507 38511 38511 38507 38511 38503 38503 38511 
34685 34685 34413 34685 38509 34687 34685 34687 34685 34685 34681 34685 34681 34677 34685 34677 34685 
34683 34683 34683 34411 38507 34683 34683 34681 34681 34687 34687 34683 34683 34675 34675 34683 34683 
34679 34679 34679 34679 34679 34679 34679 34679 34679 34679 34679 34679 34679 34679 34679 34679 34679 
38509 38509 38509 34685 38509 38509 38509 38511 38509 38505 38505 38509 38505 38509 38509 38501 38509 
38507 38507 34683 38507 38507 38505 38507 38505 38505 38507 38511 38507 38507 38507 38499 38507 38507 
38503 38503 34679 34679 34407 38501 38503 38503 38503 38499 38503 38503 38503 38511 38503 38503 38503 
34413 34413 34413 34685 38509 34413 34413 34415 34413 34409 34409 34413 34409 34405 34413 34405 34413 
34681 34681 34409 34409 38505 34683 34681 34681 34681 34685 34681 34681 34681 34673 34681 34681 34681 
34677 34677 34405 34677 34677 34679 34677 34679 34677 34677 34673 34677 34677 34677 34677 34677 34677 
34411 34411 34683 34411 38507 34409 34411 34409 34409 34411 34415 34411 34411 34403 34403 34411 34411 
34675 34675 34675 34403 34675 34675 34675 34673 34675 34679 34679 34675 34675 34675 34675 34675 34675 
38505 38505 38505 38505 38505 38505 38505 38505 38505 38505 38505 38505 38505 38505 38505 38505 38505 
38501 38501 38501 34677 34405 38501 38501 38503 38501 38497 38497 38501 38501 38509 38501 38501 38501 
38499 38499 34675 38499 34403 38497 38499 38497 38499 38499 38503 38499 38499 38507 38499 38499 38499 
34407 34407 34679 34679 34407 34405 34407 34407 34407 34403 34407 34407 34407 34407 34407 34407 34407 
34415 34415 34687 34687 38511 34413 34415 34415 34413 34411 34415 34415 34411 34407 34407 34407 34415 
34409 34409 34409 34409 38505 34409 34409 34409 34409 34409 34409 34409 34409 34401 34409 34409 34409 
34405 34405 34405 34677 34405 34405 34405 34407 34405 34401 34401 34405 34405 34405 34405 34405 34405 
34673 34673 34401 34401 34673 34675 34673 34673 34673 34677 34673 34673 34673 34673 34673 34673 34673 
34403 34403 34675 34403 34403 34401 34403 34401 34403 34403 34407 34403 34403 34403 34403 34403 34403 
38497 38497 38497 38497 34401 38497 38497 38497 38497 38497 38497 38497 38497 38505 38497 38497 38497 
34401 34401 34401 34401 34401 34401 34401 34401 34401 34401 34401 34401 34401 34401 34401 34401 34401 
34687 34687 34687 34687 38511 34687 34687 34687 34685 34687 34687 34687 34683 34679 34679 34679 34687 
38511 38511 34687 34687 38511 38509 38511 38511 38509 38507 38511 38511 38507 38511 38503 38503 38511 
34685 34685 34413 34685 38509 34687 34685 34687 34685 34685 34681 34685 34681 34677 34685 34677 34685 
34683 34683 34683 34411 38507 34683 34683 34681 34681 34687 34687 34683 34683 34675 34675 34683 34683 
34679 34679 34679 34679 34679 34679 34679 34679 34679 34679 34679 34679 34679 34679 34679 34679 34679 
38509 38509 38509 34685 38509 38509 38509 38511 38509 38505 38505 38509 38505 38509 38509 38501 38509 
38507 38507 34683 38507 38507 38505 38507 38505 38505 38507 38511 38507 38507 38507 38499 38507 38507 
38503 38503 34679 34679 34407 38501 38503 38503 38503 38499 38503 38503 38503 38511 38503 38503 38503 
34413 34413 34413 34685 38509 34413 34413 34415 34413 34409 34409 34413 34409 34405 34413 34405 34413 
34681 34681 34409 34409 38505 34683 34681 34681 34681 34685 34681 34681 34681 34673 34681 34681 34681 
34677 34677 34405 34677 34677 34679 34677 34679 34677 34677 34673 34677 34677 34677 34677 34677 34677 
34411 34411 34683 34411 38507 34409 34411 34409 34409 34411 34415 34411 34411 34403 34403 34411 34411 
34675 34675 34675 34403 34675 34675 34675 34673 34675 34679 34679 34675 34675 34675 34675 34675 34675 
38505 38505 38505 38505 38505 38505 38505 38505 38505 38505 38505 38505 38505 38505 38505 38505 38505 
38501 38501 38501 34677 34405 38501 38501 38503 38501 38497 38497 38501 38501 38509 38501 38501 38501 
38499 38499 34675 38499 34403 38497 38499 38497 38499 38499 38503 38499 38499 38507 38499 38499 38499 
34407 34407 34679 34679 34407 34405 34407 34407 34407 34403 34407 34407 34407 34407 34407 34407 34407 
34415 34415 34687 34687 38511 34413 34415 34415 34413 34411 34415 34415 34411 34407 34407 34407 34415 
34409 34409 34409 34409 38505 34409 34409 34409 34409 34409 34409 34409 34409 34401 34409 34409 34409 
34405 34405 34405 34677 34405 34405 34405 34407 34405 34401 34401 34405 34405 34405 34405 34405 34405 
34673 34673 34401 34401 34673 34675 34673 34673 34673 34677 34673 34673 34673 34673 34673 34673 34673 
34403 34403 34675 34403 34403 34401 34403 34401 34403 34403 34407 34403 34403 34403 34403 34403 34403 
38497 38497 38497 38497 34401 38497 38497 38497 38497 38497 38497 38497 38497 38505 38497 38497 38497 
34401 34401 34401 34401 34401 34401 34401 34401 34401 34401 34401 34401 34401 34401 34401 34401 34401 
34687 34687 34687 34687 38511 34687 34687 34687 34685 34687 34687 34687 34683 34679 34679 34679 34687 
38511 38511 34687 34687 38511 38509 38511 38511 38509 38507 38511 38511 38507 38511 38503 38503 38511 
34685 34685 34413 34685 38509 34687 34685 34687 34685 34685 34681 34685 34681 34677 34685 34677 34685 
34683 34683 34683 34411 38507 34683 34683 34681 34681 34687 34687 34683 34683 34675 34675 34683 34683 
34679 34679 34679 34679 34679 34679 34679 34679 34679 34679 34679 34679 34679 34679 34679 34679 34679 
38509 38509 38509 34685 38509 38509 38509 38511 38509 38505 38505 38509 38505 38509 38509 38501 38509 
38507 38507 34683 38507 38507 38505 38507 38505 38505 38507 38511 38507 38507 38507 38499 38507 38507 
38503 38503 34679 34679 34407 38501 38503 38503 38503 38499 38503 38503 38503 38511 38503 38503 38503 
34413 34413 34413 34685 38509 34413 34413 34415 34413 34409 34409 34413 34409 34405 34413 34405 34413 
34681 34681 34409 34409 38505 34683 34681 34681 34681 34685 34681 34681 34681 34673 34681 34681 34681 
34677 34677 34405 34677 34677 34679 34677 34679 34677 34677 34673 34677 34677 34677 34677 34677 34677 
34411 34411 34683 34411 38507 34409 34411 34409 34409 34411 34415 34411 34411 34403 34403 34411 34411 
34675 34675 34675 34403 34675 34675 34675 34673 34675 34679 34679 34675 34675 34675 34675 34675 34675 
38505 38505 38505 38505 38505 38505 38505 38505 38505 38505 38505 38505 38505 38505 38505 38505 38505 
38501 38501 38501 34677 34405 38501 38501 38503 38501 38497 38497 38501 38501 38509 38501 38501 38501 
38499 38499 34675 38499 34403 38497 38499 38497 38499 38499 38503 38499 38499 38507 38499 38499 38499 
34407 34407 34679 34679 34407 34405 34407 34407 34407 34403 34407 34407 34407 34407 34407 34407 34407 
34415 34415 34687 34687 38511 34413 34415 34415 34413 34411 34415 34415 34411 34407 34407 34407 34415 
34409 34409 34409 34409 38505 34409 34409 34409 34409 34409 34409 34409 34409 34401 34409 34409 34409 
34405 34405 34405 34677 34405 34405 34405 34407 34405 34401 34401 34405 34405 34405 34405 34405 34405 
34673 34673 34401 34401 34673 34675 34673 34673 34673 34677 34673 34673 34673 34673 34673 34673 34673 
34403 34403 34675 34403 34403 34401 34403 34401 34403 34403 34407 34403 34403 34403 34403 34403 34403 
38497 38497 38497 38497 34401 38497 38497 38497 38497 38497 38497 38497 38497 38505 38497 38497 38497 
34401 34401 34401 34401 34401 34401 34401 34401 34401 34401 34401 34401 34401 34401 34401 34401 34401 
