531921213948673   531921213948673   49
531921213948675   531921213948673   2
531921213948675   531921213948675   45
531921213948675   531921213948679   1
531921213948675   531921213965187   1
531921213948677   531921213948673   2
531921213948677   531921213948677   45
531921213948677   531921213948679   1
531921213948677   531921213965189   1
531921213948679   531921213948675   1
531921213948679   531921213948677   1
531921213948679   531921213948679   45
531921213948679   531921213965191   2
531921213948681   531921213948673   4
531921213948681   531921213948681   41
531921213948681   531921213948697   1
531921213948681   531921213948713   1
531921213948681   531921213948745   1
531921213948681   536353890730761   1
531921213948683   531921213948675   5
531921213948683   531921213948681   3
531921213948683   531921213948683   35
531921213948683   531921213948687   1
531921213948683   531921213948699   1
531921213948683   531921213948715   1
531921213948683   531921213948747   1
531921213948683   531921213965195   1
531921213948683   536353890730763   1
531921213948685   531921213948677   5
531921213948685   531921213948681   3
531921213948685   531921213948685   35
531921213948685   531921213948687   1
531921213948685   531921213948701   1
531921213948685   531921213948717   1
531921213948685   531921213948749   1
531921213948685   531921213965197   1
531921213948685   536353890730765   1
531921213948687   531921213948679   6
531921213948687   531921213948683   2
531921213948687   531921213948685   2
531921213948687   531921213948687   33
531921213948687   531921213948703   1
531921213948687   531921213948719   1
531921213948687   531921213948751   1
531921213948687   531921213965199   2
531921213948687   536353890730767   1
531921213948689   531921213948673   4
531921213948689   531921213948689   41
531921213948689   531921213948697   1
531921213948689   531921213948721   1
531921213948689   531921213948753   1
531921213948689   536353890730769   1
531921213948691   531921213948675   5
531921213948691   531921213948689   3
531921213948691   531921213948691   35
531921213948691   531921213948695   1
531921213948691   531921213948699   1
531921213948691   531921213948723   1
531921213948691   531921213948755   1
531921213948691   531921213965203   1
531921213948691   536353890730771   1
531921213948693   531921213948677   5
531921213948693   531921213948689   3
531921213948693   531921213948693   35
531921213948693   531921213948695   1
531921213948693   531921213948701   1
531921213948693   531921213948725   1
531921213948693   531921213948757   1
531921213948693   531921213965205   1
531921213948693   536353890730773   1
531921213948695   531921213948679   6
531921213948695   531921213948691   2
531921213948695   531921213948693   2
531921213948695   531921213948695   33
531921213948695   531921213948703   1
531921213948695   531921213948727   1
531921213948695   531921213948759   1
531921213948695   531921213965207   2
531921213948695   536353890730775   1
531921213948697   531921213948681   3
531921213948697   531921213948689   3
531921213948697   531921213948697   37
531921213948697   531921213948729   2
531921213948697   531921213948761   2
531921213948697   536353890730777   2
531921213948699   531921213948683   4
531921213948699   531921213948691   4
531921213948699   531921213948697   4
531921213948699   531921213948699   29
531921213948699   531921213948703   1
531921213948699   531921213948731   2
531921213948699   531921213948763   2
531921213948699   531921213965211   1
531921213948699   536353890730779   2
531921213948701   531921213948685   4
531921213948701   531921213948693   4
531921213948701   531921213948697   4
531921213948701   531921213948701   29
531921213948701   531921213948703   1
531921213948701   531921213948733   2
531921213948701   531921213948765   2
531921213948701   531921213965213   1
531921213948701   536353890730781   2
531921213948703   531921213948687   5
531921213948703   531921213948695   5
531921213948703   531921213948699   3
531921213948703   531921213948701   3
531921213948703   531921213948703   25
531921213948703   531921213948735   2
531921213948703   531921213948767   2
531921213948703   531921213965215   2
531921213948703   536353890730783   2
531921213948705   531921213948673   4
531921213948705   531921213948705   41
531921213948705   531921213948713   1
531921213948705   531921213948721   1
531921213948705   531921213948769   1
531921213948705   536353890730785   1
531921213948707   531921213948675   5
531921213948707   531921213948705   3
531921213948707   531921213948707   35
531921213948707   531921213948711   1
531921213948707   531921213948715   1
531921213948707   531921213948723   1
531921213948707   531921213948771   1
531921213948707   531921213965219   1
531921213948707   536353890730787   1
531921213948709   531921213948677   5
531921213948709   531921213948705   3
531921213948709   531921213948709   35
531921213948709   531921213948711   1
531921213948709   531921213948717   1
531921213948709   531921213948725   1
531921213948709   531921213948773   1
531921213948709   531921213965221   1
531921213948709   536353890730789   1
531921213948711   531921213948679   6
531921213948711   531921213948707   2
531921213948711   531921213948709   2
531921213948711   531921213948711   33
531921213948711   531921213948719   1
531921213948711   531921213948727   1
531921213948711   531921213948775   1
531921213948711   531921213965223   2
531921213948711   536353890730791   1
531921213948713   531921213948681   3
531921213948713   531921213948705   3
531921213948713   531921213948713   37
531921213948713   531921213948729   2
531921213948713   531921213948777   2
531921213948713   536353890730793   2
531921213948715   531921213948683   4
531921213948715   531921213948707   4
531921213948715   531921213948713   4
531921213948715   531921213948715   29
531921213948715   531921213948719   1
531921213948715   531921213948731   2
531921213948715   531921213948779   2
531921213948715   531921213965227   1
531921213948715   536353890730795   2
531921213948717   531921213948685   4
531921213948717   531921213948709   4
531921213948717   531921213948713   4
531921213948717   531921213948717   29
531921213948717   531921213948719   1
531921213948717   531921213948733   2
531921213948717   531921213948781   2
531921213948717   531921213965229   1
531921213948717   536353890730797   2
531921213948719   531921213948687   5
531921213948719   531921213948711   5
531921213948719   531921213948715   3
531921213948719   531921213948717   3
531921213948719   531921213948719   25
531921213948719   531921213948735   2
531921213948719   531921213948783   2
531921213948719   531921213965231   2
531921213948719   536353890730799   2
531921213948721   531921213948689   3
531921213948721   531921213948705   3
531921213948721   531921213948721   37
531921213948721   531921213948729   2
531921213948721   531921213948785   2
531921213948721   536353890730801   2
531921213948723   531921213948691   4
531921213948723   531921213948707   4
531921213948723   531921213948721   4
531921213948723   531921213948723   29
531921213948723   531921213948727   1
531921213948723   531921213948731   2
531921213948723   531921213948787   2
531921213948723   531921213965235   1
531921213948723   536353890730803   2
531921213948725   531921213948693   4
531921213948725   531921213948709   4
531921213948725   531921213948721   4
531921213948725   531921213948725   29
531921213948725   531921213948727   1
531921213948725   531921213948733   2
531921213948725   531921213948789   2
531921213948725   531921213965237   1
531921213948725   536353890730805   2
531921213948727   531921213948695   5
531921213948727   531921213948711   5
531921213948727   531921213948723   3
531921213948727   531921213948725   3
531921213948727   531921213948727   25
531921213948727   531921213948735   2
531921213948727   531921213948791   2
531921213948727   531921213965239   2
531921213948727   536353890730807   2
531921213948729   531921213948697   2
531921213948729   531921213948713   2
531921213948729   531921213948721   2
531921213948729   531921213948729   37
531921213948729   531921213948793   3
531921213948729   536353890730809   3
531921213948731   531921213948699   3
531921213948731   531921213948715   3
531921213948731   531921213948723   3
531921213948731   531921213948729   5
531921213948731   531921213948731   27
531921213948731   531921213948735   1
531921213948731   531921213948795   3
531921213948731   531921213965243   1
531921213948731   536353890730811   3
531921213948733   531921213948701   3
531921213948733   531921213948717   3
531921213948733   531921213948725   3
531921213948733   531921213948729   5
531921213948733   531921213948733   27
531921213948733   531921213948735   1
531921213948733   531921213948797   3
531921213948733   531921213965245   1
531921213948733   536353890730813   3
531921213948735   531921213948703   4
531921213948735   531921213948719   4
531921213948735   531921213948727   4
531921213948735   531921213948731   4
531921213948735   531921213948733   4
531921213948735   531921213948735   21
531921213948735   531921213948799   3
531921213948735   531921213965247   2
531921213948735   536353890730815   3
531921213948737   531921213948673   4
531921213948737   531921213948737   41
531921213948737   531921213948745   1
531921213948737   531921213948753   1
531921213948737   531921213948769   1
531921213948737   536353890730817   1
531921213948739   531921213948675   5
531921213948739   531921213948737   3
531921213948739   531921213948739   35
531921213948739   531921213948743   1
531921213948739   531921213948747   1
531921213948739   531921213948755   1
531921213948739   531921213948771   1
531921213948739   531921213965251   1
531921213948739   536353890730819   1
531921213948741   531921213948677   5
531921213948741   531921213948737   3
531921213948741   531921213948741   35
531921213948741   531921213948743   1
531921213948741   531921213948749   1
531921213948741   531921213948757   1
531921213948741   531921213948773   1
531921213948741   531921213965253   1
531921213948741   536353890730821   1
531921213948743   531921213948679   6
531921213948743   531921213948739   2
531921213948743   531921213948741   2
531921213948743   531921213948743   33
531921213948743   531921213948751   1
531921213948743   531921213948759   1
531921213948743   531921213948775   1
531921213948743   531921213965255   2
531921213948743   536353890730823   1
531921213948745   531921213948681   3
531921213948745   531921213948737   3
531921213948745   531921213948745   37
531921213948745   531921213948761   2
531921213948745   531921213948777   2
531921213948745   536353890730825   2
531921213948747   531921213948683   4
531921213948747   531921213948739   4
531921213948747   531921213948745   4
531921213948747   531921213948747   29
531921213948747   531921213948751   1
531921213948747   531921213948763   2
531921213948747   531921213948779   2
531921213948747   531921213965259   1
531921213948747   536353890730827   2
531921213948749   531921213948685   4
531921213948749   531921213948741   4
531921213948749   531921213948745   4
531921213948749   531921213948749   29
531921213948749   531921213948751   1
531921213948749   531921213948765   2
531921213948749   531921213948781   2
531921213948749   531921213965261   1
531921213948749   536353890730829   2
531921213948751   531921213948687   5
531921213948751   531921213948743   5
531921213948751   531921213948747   3
531921213948751   531921213948749   3
531921213948751   531921213948751   25
531921213948751   531921213948767   2
531921213948751   531921213948783   2
531921213948751   531921213965263   2
531921213948751   536353890730831   2
531921213948753   531921213948689   3
531921213948753   531921213948737   3
531921213948753   531921213948753   37
531921213948753   531921213948761   2
531921213948753   531921213948785   2
531921213948753   536353890730833   2
531921213948755   531921213948691   4
531921213948755   531921213948739   4
531921213948755   531921213948753   4
531921213948755   531921213948755   29
531921213948755   531921213948759   1
531921213948755   531921213948763   2
531921213948755   531921213948787   2
531921213948755   531921213965267   1
531921213948755   536353890730835   2
531921213948757   531921213948693   4
531921213948757   531921213948741   4
531921213948757   531921213948753   4
531921213948757   531921213948757   29
531921213948757   531921213948759   1
531921213948757   531921213948765   2
531921213948757   531921213948789   2
531921213948757   531921213965269   1
531921213948757   536353890730837   2
531921213948759   531921213948695   5
531921213948759   531921213948743   5
531921213948759   531921213948755   3
531921213948759   531921213948757   3
531921213948759   531921213948759   25
531921213948759   531921213948767   2
531921213948759   531921213948791   2
531921213948759   531921213965271   2
531921213948759   536353890730839   2
531921213948761   531921213948697   2
531921213948761   531921213948745   2
531921213948761   531921213948753   2
531921213948761   531921213948761   37
531921213948761   531921213948793   3
531921213948761   536353890730841   3
531921213948763   531921213948699   3
531921213948763   531921213948747   3
531921213948763   531921213948755   3
531921213948763   531921213948761   5
531921213948763   531921213948763   27
531921213948763   531921213948767   1
531921213948763   531921213948795   3
531921213948763   531921213965275   1
531921213948763   536353890730843   3
531921213948765   531921213948701   3
531921213948765   531921213948749   3
531921213948765   531921213948757   3
531921213948765   531921213948761   5
531921213948765   531921213948765   27
531921213948765   531921213948767   1
531921213948765   531921213948797   3
531921213948765   531921213965277   1
531921213948765   536353890730845   3
531921213948767   531921213948703   4
531921213948767   531921213948751   4
531921213948767   531921213948759   4
531921213948767   531921213948763   4
531921213948767   531921213948765   4
531921213948767   531921213948767   21
531921213948767   531921213948799   3
531921213948767   531921213965279   2
531921213948767   536353890730847   3
531921213948769   531921213948705   3
531921213948769   531921213948737   3
531921213948769   531921213948769   37
531921213948769   531921213948777   2
531921213948769   531921213948785   2
531921213948769   536353890730849   2
531921213948771   531921213948707   4
531921213948771   531921213948739   4
531921213948771   531921213948769   4
531921213948771   531921213948771   29
531921213948771   531921213948775   1
531921213948771   531921213948779   2
531921213948771   531921213948787   2
531921213948771   531921213965283   1
531921213948771   536353890730851   2
531921213948773   531921213948709   4
531921213948773   531921213948741   4
531921213948773   531921213948769   4
531921213948773   531921213948773   29
531921213948773   531921213948775   1
531921213948773   531921213948781   2
531921213948773   531921213948789   2
531921213948773   531921213965285   1
531921213948773   536353890730853   2
531921213948775   531921213948711   5
531921213948775   531921213948743   5
531921213948775   531921213948771   3
531921213948775   531921213948773   3
531921213948775   531921213948775   25
531921213948775   531921213948783   2
531921213948775   531921213948791   2
531921213948775   531921213965287   2
531921213948775   536353890730855   2
531921213948777   531921213948713   2
531921213948777   531921213948745   2
531921213948777   531921213948769   2
531921213948777   531921213948777   37
531921213948777   531921213948793   3
531921213948777   536353890730857   3
531921213948779   531921213948715   3
531921213948779   531921213948747   3
531921213948779   531921213948771   3
531921213948779   531921213948777   5
531921213948779   531921213948779   27
531921213948779   531921213948783   1
531921213948779   531921213948795   3
531921213948779   531921213965291   1
531921213948779   536353890730859   3
531921213948781   531921213948717   3
531921213948781   531921213948749   3
531921213948781   531921213948773   3
531921213948781   531921213948777   5
531921213948781   531921213948781   27
531921213948781   531921213948783   1
531921213948781   531921213948797   3
531921213948781   531921213965293   1
531921213948781   536353890730861   3
531921213948783   531921213948719   4
531921213948783   531921213948751   4
531921213948783   531921213948775   4
531921213948783   531921213948779   4
531921213948783   531921213948781   4
531921213948783   531921213948783   21
531921213948783   531921213948799   3
531921213948783   531921213965295   2
531921213948783   536353890730863   3
531921213948785   531921213948721   2
531921213948785   531921213948753   2
531921213948785   531921213948769   2
531921213948785   531921213948785   37
531921213948785   531921213948793   3
531921213948785   536353890730865   3
531921213948787   531921213948723   3
531921213948787   531921213948755   3
531921213948787   531921213948771   3
531921213948787   531921213948785   5
531921213948787   531921213948787   27
531921213948787   531921213948791   1
531921213948787   531921213948795   3
531921213948787   531921213965299   1
531921213948787   536353890730867   3
531921213948789   531921213948725   3
531921213948789   531921213948757   3
531921213948789   531921213948773   3
531921213948789   531921213948785   5
531921213948789   531921213948789   27
531921213948789   531921213948791   1
531921213948789   531921213948797   3
531921213948789   531921213965301   1
531921213948789   536353890730869   3
531921213948791   531921213948727   4
531921213948791   531921213948759   4
531921213948791   531921213948775   4
531921213948791   531921213948787   4
531921213948791   531921213948789   4
531921213948791   531921213948791   21
531921213948791   531921213948799   3
531921213948791   531921213965303   2
531921213948791   536353890730871   3
531921213948793   531921213948729   1
531921213948793   531921213948761   1
531921213948793   531921213948777   1
531921213948793   531921213948785   1
531921213948793   531921213948793   41
531921213948793   536353890730873   4
531921213948795   531921213948731   2
531921213948795   531921213948763   2
531921213948795   531921213948779   2
531921213948795   531921213948787   2
531921213948795   531921213948793   6
531921213948795   531921213948795   29
531921213948795   531921213948799   1
531921213948795   531921213965307   1
531921213948795   536353890730875   4
531921213948797   531921213948733   2
531921213948797   531921213948765   2
531921213948797   531921213948781   2
531921213948797   531921213948789   2
531921213948797   531921213948793   6
531921213948797   531921213948797   29
531921213948797   531921213948799   1
531921213948797   531921213965309   1
531921213948797   536353890730877   4
531921213948799   531921213948735   3
531921213948799   531921213948767   3
531921213948799   531921213948783   3
531921213948799   531921213948791   3
531921213948799   531921213948795   5
531921213948799   531921213948797   5
531921213948799   531921213948799   21
531921213948799   531921213965311   2
531921213948799   536353890730879   4
531921213965185   531921213948673   2
531921213965185   531921213965185   45
531921213965185   531921213965187   1
531921213965185   531921213965189   1
531921213965187   531921213948675   1
531921213965187   531921213965185   1
531921213965187   531921213965187   45
531921213965187   531921213965191   2
531921213965189   531921213948677   1
531921213965189   531921213965185   1
531921213965189   531921213965189   45
531921213965189   531921213965191   2
531921213965191   531921213965191   49
531921213965193   531921213948681   2
531921213965193   531921213965185   4
531921213965193   531921213965193   37
531921213965193   531921213965195   1
531921213965193   531921213965197   1
531921213965193   531921213965209   1
531921213965193   531921213965225   1
531921213965193   531921213965257   1
531921213965193   536353890730761   1
531921213965195   531921213948683   1
531921213965195   531921213965187   5
531921213965195   531921213965193   2
531921213965195   531921213965195   35
531921213965195   531921213965199   2
531921213965195   531921213965211   1
531921213965195   531921213965227   1
531921213965195   531921213965259   1
531921213965195   536353890730763   1
531921213965197   531921213948685   1
531921213965197   531921213965189   5
531921213965197   531921213965193   2
531921213965197   531921213965197   35
531921213965197   531921213965199   2
531921213965197   531921213965213   1
531921213965197   531921213965229   1
531921213965197   531921213965261   1
531921213965197   536353890730765   1
531921213965199   531921213965191   6
531921213965199   531921213965195   1
531921213965199   531921213965197   1
531921213965199   531921213965199   37
531921213965199   531921213965215   1
531921213965199   531921213965231   1
531921213965199   531921213965263   1
531921213965199   536353890730767   1
531921213965201   531921213948689   2
531921213965201   531921213965185   4
531921213965201   531921213965201   37
531921213965201   531921213965203   1
531921213965201   531921213965205   1
531921213965201   531921213965209   1
531921213965201   531921213965233   1
531921213965201   531921213965265   1
531921213965201   536353890730769   1
531921213965203   531921213948691   1
531921213965203   531921213965187   5
531921213965203   531921213965201   2
531921213965203   531921213965203   35
531921213965203   531921213965207   2
531921213965203   531921213965211   1
531921213965203   531921213965235   1
531921213965203   531921213965267   1
531921213965203   536353890730771   1
531921213965205   531921213948693   1
531921213965205   531921213965189   5
531921213965205   531921213965201   2
531921213965205   531921213965205   35
531921213965205   531921213965207   2
531921213965205   531921213965213   1
531921213965205   531921213965237   1
531921213965205   531921213965269   1
531921213965205   536353890730773   1
531921213965207   531921213965191   6
531921213965207   531921213965203   1
531921213965207   531921213965205   1
531921213965207   531921213965207   37
531921213965207   531921213965215   1
531921213965207   531921213965239   1
531921213965207   531921213965271   1
531921213965207   536353890730775   1
531921213965209   531921213948697   2
531921213965209   531921213965193   3
531921213965209   531921213965201   3
531921213965209   531921213965209   33
531921213965209   531921213965211   1
531921213965209   531921213965213   1
531921213965209   531921213965241   2
531921213965209   531921213965273   2
531921213965209   536353890730777   2
531921213965211   531921213948699   1
531921213965211   531921213965195   4
531921213965211   531921213965203   4
531921213965211   531921213965209   3
531921213965211   531921213965211   29
531921213965211   531921213965215   2
531921213965211   531921213965243   2
531921213965211   531921213965275   2
531921213965211   536353890730779   2
531921213965213   531921213948701   1
531921213965213   531921213965197   4
531921213965213   531921213965205   4
531921213965213   531921213965209   3
531921213965213   531921213965213   29
531921213965213   531921213965215   2
531921213965213   531921213965245   2
531921213965213   531921213965277   2
531921213965213   536353890730781   2
531921213965215   531921213965199   5
531921213965215   531921213965207   5
531921213965215   531921213965211   2
531921213965215   531921213965213   2
531921213965215   531921213965215   29
531921213965215   531921213965247   2
531921213965215   531921213965279   2
531921213965215   536353890730783   2
531921213965217   531921213948705   2
531921213965217   531921213965185   4
531921213965217   531921213965217   37
531921213965217   531921213965219   1
531921213965217   531921213965221   1
531921213965217   531921213965225   1
531921213965217   531921213965233   1
531921213965217   531921213965281   1
531921213965217   536353890730785   1
531921213965219   531921213948707   1
531921213965219   531921213965187   5
531921213965219   531921213965217   2
531921213965219   531921213965219   35
531921213965219   531921213965223   2
531921213965219   531921213965227   1
531921213965219   531921213965235   1
531921213965219   531921213965283   1
531921213965219   536353890730787   1
531921213965221   531921213948709   1
531921213965221   531921213965189   5
531921213965221   531921213965217   2
531921213965221   531921213965221   35
531921213965221   531921213965223   2
531921213965221   531921213965229   1
531921213965221   531921213965237   1
531921213965221   531921213965285   1
531921213965221   536353890730789   1
531921213965223   531921213965191   6
531921213965223   531921213965219   1
531921213965223   531921213965221   1
531921213965223   531921213965223   37
531921213965223   531921213965231   1
531921213965223   531921213965239   1
531921213965223   531921213965287   1
531921213965223   536353890730791   1
531921213965225   531921213948713   2
531921213965225   531921213965193   3
531921213965225   531921213965217   3
531921213965225   531921213965225   33
531921213965225   531921213965227   1
531921213965225   531921213965229   1
531921213965225   531921213965241   2
531921213965225   531921213965289   2
531921213965225   536353890730793   2
531921213965227   531921213948715   1
531921213965227   531921213965195   4
531921213965227   531921213965219   4
531921213965227   531921213965225   3
531921213965227   531921213965227   29
531921213965227   531921213965231   2
531921213965227   531921213965243   2
531921213965227   531921213965291   2
531921213965227   536353890730795   2
531921213965229   531921213948717   1
531921213965229   531921213965197   4
531921213965229   531921213965221   4
531921213965229   531921213965225   3
531921213965229   531921213965229   29
531921213965229   531921213965231   2
531921213965229   531921213965245   2
531921213965229   531921213965293   2
531921213965229   536353890730797   2
531921213965231   531921213965199   5
531921213965231   531921213965223   5
531921213965231   531921213965227   2
531921213965231   531921213965229   2
531921213965231   531921213965231   29
531921213965231   531921213965247   2
531921213965231   531921213965295   2
531921213965231   536353890730799   2
531921213965233   531921213948721   2
531921213965233   531921213965201   3
531921213965233   531921213965217   3
531921213965233   531921213965233   33
531921213965233   531921213965235   1
531921213965233   531921213965237   1
531921213965233   531921213965241   2
531921213965233   531921213965297   2
531921213965233   536353890730801   2
531921213965235   531921213948723   1
531921213965235   531921213965203   4
531921213965235   531921213965219   4
531921213965235   531921213965233   3
531921213965235   531921213965235   29
531921213965235   531921213965239   2
531921213965235   531921213965243   2
531921213965235   531921213965299   2
531921213965235   536353890730803   2
531921213965237   531921213948725   1
531921213965237   531921213965205   4
531921213965237   531921213965221   4
531921213965237   531921213965233   3
531921213965237   531921213965237   29
531921213965237   531921213965239   2
531921213965237   531921213965245   2
531921213965237   531921213965301   2
531921213965237   536353890730805   2
531921213965239   531921213965207   5
531921213965239   531921213965223   5
531921213965239   531921213965235   2
531921213965239   531921213965237   2
531921213965239   531921213965239   29
531921213965239   531921213965247   2
531921213965239   531921213965303   2
531921213965239   536353890730807   2
531921213965241   531921213948729   2
531921213965241   531921213965209   2
531921213965241   531921213965225   2
531921213965241   531921213965233   2
531921213965241   531921213965241   33
531921213965241   531921213965243   1
531921213965241   531921213965245   1
531921213965241   531921213965305   3
531921213965241   536353890730809   3
531921213965243   531921213948731   1
531921213965243   531921213965211   3
531921213965243   531921213965227   3
531921213965243   531921213965235   3
531921213965243   531921213965241   4
531921213965243   531921213965243   27
531921213965243   531921213965247   2
531921213965243   531921213965307   3
531921213965243   536353890730811   3
531921213965245   531921213948733   1
531921213965245   531921213965213   3
531921213965245   531921213965229   3
531921213965245   531921213965237   3
531921213965245   531921213965241   4
531921213965245   531921213965245   27
531921213965245   531921213965247   2
531921213965245   531921213965309   3
531921213965245   536353890730813   3
531921213965247   531921213965215   4
531921213965247   531921213965231   4
531921213965247   531921213965239   4
531921213965247   531921213965243   3
531921213965247   531921213965245   3
531921213965247   531921213965247   25
531921213965247   531921213965311   3
531921213965247   536353890730815   3
531921213965249   531921213948737   2
531921213965249   531921213965185   4
531921213965249   531921213965249   37
531921213965249   531921213965251   1
531921213965249   531921213965253   1
531921213965249   531921213965257   1
531921213965249   531921213965265   1
531921213965249   531921213965281   1
531921213965249   536353890730817   1
531921213965251   531921213948739   1
531921213965251   531921213965187   5
531921213965251   531921213965249   2
531921213965251   531921213965251   35
531921213965251   531921213965255   2
531921213965251   531921213965259   1
531921213965251   531921213965267   1
531921213965251   531921213965283   1
531921213965251   536353890730819   1
531921213965253   531921213948741   1
531921213965253   531921213965189   5
531921213965253   531921213965249   2
531921213965253   531921213965253   35
531921213965253   531921213965255   2
531921213965253   531921213965261   1
531921213965253   531921213965269   1
531921213965253   531921213965285   1
531921213965253   536353890730821   1
531921213965255   531921213965191   6
531921213965255   531921213965251   1
531921213965255   531921213965253   1
531921213965255   531921213965255   37
531921213965255   531921213965263   1
531921213965255   531921213965271   1
531921213965255   531921213965287   1
531921213965255   536353890730823   1
531921213965257   531921213948745   2
531921213965257   531921213965193   3
531921213965257   531921213965249   3
531921213965257   531921213965257   33
531921213965257   531921213965259   1
531921213965257   531921213965261   1
531921213965257   531921213965273   2
531921213965257   531921213965289   2
531921213965257   536353890730825   2
531921213965259   531921213948747   1
531921213965259   531921213965195   4
531921213965259   531921213965251   4
531921213965259   531921213965257   3
531921213965259   531921213965259   29
531921213965259   531921213965263   2
531921213965259   531921213965275   2
531921213965259   531921213965291   2
531921213965259   536353890730827   2
531921213965261   531921213948749   1
531921213965261   531921213965197   4
531921213965261   531921213965253   4
531921213965261   531921213965257   3
531921213965261   531921213965261   29
531921213965261   531921213965263   2
531921213965261   531921213965277   2
531921213965261   531921213965293   2
531921213965261   536353890730829   2
531921213965263   531921213965199   5
531921213965263   531921213965255   5
531921213965263   531921213965259   2
531921213965263   531921213965261   2
531921213965263   531921213965263   29
531921213965263   531921213965279   2
531921213965263   531921213965295   2
531921213965263   536353890730831   2
531921213965265   531921213948753   2
531921213965265   531921213965201   3
531921213965265   531921213965249   3
531921213965265   531921213965265   33
531921213965265   531921213965267   1
531921213965265   531921213965269   1
531921213965265   531921213965273   2
531921213965265   531921213965297   2
531921213965265   536353890730833   2
531921213965267   531921213948755   1
531921213965267   531921213965203   4
531921213965267   531921213965251   4
531921213965267   531921213965265   3
531921213965267   531921213965267   29
531921213965267   531921213965271   2
531921213965267   531921213965275   2
531921213965267   531921213965299   2
531921213965267   536353890730835   2
531921213965269   531921213948757   1
531921213965269   531921213965205   4
531921213965269   531921213965253   4
531921213965269   531921213965265   3
531921213965269   531921213965269   29
531921213965269   531921213965271   2
531921213965269   531921213965277   2
531921213965269   531921213965301   2
531921213965269   536353890730837   2
531921213965271   531921213965207   5
531921213965271   531921213965255   5
531921213965271   531921213965267   2
531921213965271   531921213965269   2
531921213965271   531921213965271   29
531921213965271   531921213965279   2
531921213965271   531921213965303   2
531921213965271   536353890730839   2
531921213965273   531921213948761   2
531921213965273   531921213965209   2
531921213965273   531921213965257   2
531921213965273   531921213965265   2
531921213965273   531921213965273   33
531921213965273   531921213965275   1
531921213965273   531921213965277   1
531921213965273   531921213965305   3
531921213965273   536353890730841   3
531921213965275   531921213948763   1
531921213965275   531921213965211   3
531921213965275   531921213965259   3
531921213965275   531921213965267   3
531921213965275   531921213965273   4
531921213965275   531921213965275   27
531921213965275   531921213965279   2
531921213965275   531921213965307   3
531921213965275   536353890730843   3
531921213965277   531921213948765   1
531921213965277   531921213965213   3
531921213965277   531921213965261   3
531921213965277   531921213965269   3
531921213965277   531921213965273   4
531921213965277   531921213965277   27
531921213965277   531921213965279   2
531921213965277   531921213965309   3
531921213965277   536353890730845   3
531921213965279   531921213965215   4
531921213965279   531921213965263   4
531921213965279   531921213965271   4
531921213965279   531921213965275   3
531921213965279   531921213965277   3
531921213965279   531921213965279   25
531921213965279   531921213965311   3
531921213965279   536353890730847   3
531921213965281   531921213948769   2
531921213965281   531921213965217   3
531921213965281   531921213965249   3
531921213965281   531921213965281   33
531921213965281   531921213965283   1
531921213965281   531921213965285   1
531921213965281   531921213965289   2
531921213965281   531921213965297   2
531921213965281   536353890730849   2
531921213965283   531921213948771   1
531921213965283   531921213965219   4
531921213965283   531921213965251   4
531921213965283   531921213965281   3
531921213965283   531921213965283   29
531921213965283   531921213965287   2
531921213965283   531921213965291   2
531921213965283   531921213965299   2
531921213965283   536353890730851   2
531921213965285   531921213948773   1
531921213965285   531921213965221   4
531921213965285   531921213965253   4
531921213965285   531921213965281   3
531921213965285   531921213965285   29
531921213965285   531921213965287   2
531921213965285   531921213965293   2
531921213965285   531921213965301   2
531921213965285   536353890730853   2
531921213965287   531921213965223   5
531921213965287   531921213965255   5
531921213965287   531921213965283   2
531921213965287   531921213965285   2
531921213965287   531921213965287   29
531921213965287   531921213965295   2
531921213965287   531921213965303   2
531921213965287   536353890730855   2
531921213965289   531921213948777   2
531921213965289   531921213965225   2
531921213965289   531921213965257   2
531921213965289   531921213965281   2
531921213965289   531921213965289   33
531921213965289   531921213965291   1
531921213965289   531921213965293   1
531921213965289   531921213965305   3
531921213965289   536353890730857   3
531921213965291   531921213948779   1
531921213965291   531921213965227   3
531921213965291   531921213965259   3
531921213965291   531921213965283   3
531921213965291   531921213965289   4
531921213965291   531921213965291   27
531921213965291   531921213965295   2
531921213965291   531921213965307   3
531921213965291   536353890730859   3
531921213965293   531921213948781   1
531921213965293   531921213965229   3
531921213965293   531921213965261   3
531921213965293   531921213965285   3
531921213965293   531921213965289   4
531921213965293   531921213965293   27
531921213965293   531921213965295   2
531921213965293   531921213965309   3
531921213965293   536353890730861   3
531921213965295   531921213965231   4
531921213965295   531921213965263   4
531921213965295   531921213965287   4
531921213965295   531921213965291   3
531921213965295   531921213965293   3
531921213965295   531921213965295   25
531921213965295   531921213965311   3
531921213965295   536353890730863   3
531921213965297   531921213948785   2
531921213965297   531921213965233   2
531921213965297   531921213965265   2
531921213965297   531921213965281   2
531921213965297   531921213965297   33
531921213965297   531921213965299   1
531921213965297   531921213965301   1
531921213965297   531921213965305   3
531921213965297   536353890730865   3
531921213965299   531921213948787   1
531921213965299   531921213965235   3
531921213965299   531921213965267   3
531921213965299   531921213965283   3
531921213965299   531921213965297   4
531921213965299   531921213965299   27
531921213965299   531921213965303   2
531921213965299   531921213965307   3
531921213965299   536353890730867   3
531921213965301   531921213948789   1
531921213965301   531921213965237   3
531921213965301   531921213965269   3
531921213965301   531921213965285   3
531921213965301   531921213965297   4
531921213965301   531921213965301   27
531921213965301   531921213965303   2
531921213965301   531921213965309   3
531921213965301   536353890730869   3
531921213965303   531921213965239   4
531921213965303   531921213965271   4
531921213965303   531921213965287   4
531921213965303   531921213965299   3
531921213965303   531921213965301   3
531921213965303   531921213965303   25
531921213965303   531921213965311   3
531921213965303   536353890730871   3
531921213965305   531921213948793   2
531921213965305   531921213965241   1
531921213965305   531921213965273   1
531921213965305   531921213965289   1
531921213965305   531921213965297   1
531921213965305   531921213965305   37
531921213965305   531921213965307   1
531921213965305   531921213965309   1
531921213965305   536353890730873   4
531921213965307   531921213948795   1
531921213965307   531921213965243   2
531921213965307   531921213965275   2
531921213965307   531921213965291   2
531921213965307   531921213965299   2
531921213965307   531921213965305   5
531921213965307   531921213965307   29
531921213965307   531921213965311   2
531921213965307   536353890730875   4
531921213965309   531921213948797   1
531921213965309   531921213965245   2
531921213965309   531921213965277   2
531921213965309   531921213965293   2
531921213965309   531921213965301   2
531921213965309   531921213965305   5
531921213965309   531921213965309   29
531921213965309   531921213965311   2
531921213965309   536353890730877   4
531921213965311   531921213965247   3
531921213965311   531921213965279   3
531921213965311   531921213965295   3
531921213965311   531921213965303   3
531921213965311   531921213965307   4
531921213965311   531921213965309   4
531921213965311   531921213965311   25
531921213965311   536353890730879   4
536353890730753   531921213948673   4
536353890730753   536353890730753   41
536353890730753   536353890730761   1
536353890730753   536353890730769   1
536353890730753   536353890730785   1
536353890730753   536353890730817   1
536353890730755   531921213948675   4
536353890730755   531921213965187   1
536353890730755   536353890730753   2
536353890730755   536353890730755   37
536353890730755   536353890730759   1
536353890730755   536353890730763   1
536353890730755   536353890730771   1
536353890730755   536353890730787   1
536353890730755   536353890730819   1
536353890730757   531921213948677   4
536353890730757   531921213965189   1
536353890730757   536353890730753   2
536353890730757   536353890730757   37
536353890730757   536353890730759   1
536353890730757   536353890730765   1
536353890730757   536353890730773   1
536353890730757   536353890730789   1
536353890730757   536353890730821   1
536353890730759   531921213948679   4
536353890730759   531921213965191   2
536353890730759   536353890730755   1
536353890730759   536353890730757   1
536353890730759   536353890730759   37
536353890730759   536353890730767   1
536353890730759   536353890730775   1
536353890730759   536353890730791   1
536353890730759   536353890730823   1
536353890730761   531921213948681   3
536353890730761   536353890730753   3
536353890730761   536353890730761   37
536353890730761   536353890730777   2
536353890730761   536353890730793   2
536353890730761   536353890730825   2
536353890730763   531921213948683   3
536353890730763   531921213965195   1
536353890730763   536353890730755   4
536353890730763   536353890730761   3
536353890730763   536353890730763   31
536353890730763   536353890730767   1
536353890730763   536353890730779   2
536353890730763   536353890730795   2
536353890730763   536353890730827   2
536353890730765   531921213948685   3
536353890730765   531921213965197   1
536353890730765   536353890730757   4
536353890730765   536353890730761   3
536353890730765   536353890730765   31
536353890730765   536353890730767   1
536353890730765   536353890730781   2
536353890730765   536353890730797   2
536353890730765   536353890730829   2
536353890730767   531921213948687   3
536353890730767   531921213965199   2
536353890730767   536353890730759   5
536353890730767   536353890730763   2
536353890730767   536353890730765   2
536353890730767   536353890730767   29
536353890730767   536353890730783   2
536353890730767   536353890730799   2
536353890730767   536353890730831   2
536353890730769   531921213948689   3
536353890730769   536353890730753   3
536353890730769   536353890730769   37
536353890730769   536353890730777   2
536353890730769   536353890730801   2
536353890730769   536353890730833   2
536353890730771   531921213948691   3
536353890730771   531921213965203   1
536353890730771   536353890730755   4
536353890730771   536353890730769   3
536353890730771   536353890730771   31
536353890730771   536353890730775   1
536353890730771   536353890730779   2
536353890730771   536353890730803   2
536353890730771   536353890730835   2
536353890730773   531921213948693   3
536353890730773   531921213965205   1
536353890730773   536353890730757   4
536353890730773   536353890730769   3
536353890730773   536353890730773   31
536353890730773   536353890730775   1
536353890730773   536353890730781   2
536353890730773   536353890730805   2
536353890730773   536353890730837   2
536353890730775   531921213948695   3
536353890730775   531921213965207   2
536353890730775   536353890730759   5
536353890730775   536353890730771   2
536353890730775   536353890730773   2
536353890730775   536353890730775   29
536353890730775   536353890730783   2
536353890730775   536353890730807   2
536353890730775   536353890730839   2
536353890730777   531921213948697   2
536353890730777   536353890730761   2
536353890730777   536353890730769   2
536353890730777   536353890730777   37
536353890730777   536353890730809   3
536353890730777   536353890730841   3
536353890730779   531921213948699   2
536353890730779   531921213965211   1
536353890730779   536353890730763   3
536353890730779   536353890730771   3
536353890730779   536353890730777   4
536353890730779   536353890730779   29
536353890730779   536353890730783   1
536353890730779   536353890730811   3
536353890730779   536353890730843   3
536353890730781   531921213948701   2
536353890730781   531921213965213   1
536353890730781   536353890730765   3
536353890730781   536353890730773   3
536353890730781   536353890730777   4
536353890730781   536353890730781   29
536353890730781   536353890730783   1
536353890730781   536353890730813   3
536353890730781   536353890730845   3
536353890730783   531921213948703   2
536353890730783   531921213965215   2
536353890730783   536353890730767   4
536353890730783   536353890730775   4
536353890730783   536353890730779   3
536353890730783   536353890730781   3
536353890730783   536353890730783   25
536353890730783   536353890730815   3
536353890730783   536353890730847   3
536353890730785   531921213948705   3
536353890730785   536353890730753   3
536353890730785   536353890730785   37
536353890730785   536353890730793   2
536353890730785   536353890730801   2
536353890730785   536353890730849   2
536353890730787   531921213948707   3
536353890730787   531921213965219   1
536353890730787   536353890730755   4
536353890730787   536353890730785   3
536353890730787   536353890730787   31
536353890730787   536353890730791   1
536353890730787   536353890730795   2
536353890730787   536353890730803   2
536353890730787   536353890730851   2
536353890730789   531921213948709   3
536353890730789   531921213965221   1
536353890730789   536353890730757   4
536353890730789   536353890730785   3
536353890730789   536353890730789   31
536353890730789   536353890730791   1
536353890730789   536353890730797   2
536353890730789   536353890730805   2
536353890730789   536353890730853   2
536353890730791   531921213948711   3
536353890730791   531921213965223   2
536353890730791   536353890730759   5
536353890730791   536353890730787   2
536353890730791   536353890730789   2
536353890730791   536353890730791   29
536353890730791   536353890730799   2
536353890730791   536353890730807   2
536353890730791   536353890730855   2
536353890730793   531921213948713   2
536353890730793   536353890730761   2
536353890730793   536353890730785   2
536353890730793   536353890730793   37
536353890730793   536353890730809   3
536353890730793   536353890730857   3
536353890730795   531921213948715   2
536353890730795   531921213965227   1
536353890730795   536353890730763   3
536353890730795   536353890730787   3
536353890730795   536353890730793   4
536353890730795   536353890730795   29
536353890730795   536353890730799   1
536353890730795   536353890730811   3
536353890730795   536353890730859   3
536353890730797   531921213948717   2
536353890730797   531921213965229   1
536353890730797   536353890730765   3
536353890730797   536353890730789   3
536353890730797   536353890730793   4
536353890730797   536353890730797   29
536353890730797   536353890730799   1
536353890730797   536353890730813   3
536353890730797   536353890730861   3
536353890730799   531921213948719   2
536353890730799   531921213965231   2
536353890730799   536353890730767   4
536353890730799   536353890730791   4
536353890730799   536353890730795   3
536353890730799   536353890730797   3
536353890730799   536353890730799   25
536353890730799   536353890730815   3
536353890730799   536353890730863   3
536353890730801   531921213948721   2
536353890730801   536353890730769   2
536353890730801   536353890730785   2
536353890730801   536353890730801   37
536353890730801   536353890730809   3
536353890730801   536353890730865   3
536353890730803   531921213948723   2
536353890730803   531921213965235   1
536353890730803   536353890730771   3
536353890730803   536353890730787   3
536353890730803   536353890730801   4
536353890730803   536353890730803   29
536353890730803   536353890730807   1
536353890730803   536353890730811   3
536353890730803   536353890730867   3
536353890730805   531921213948725   2
536353890730805   531921213965237   1
536353890730805   536353890730773   3
536353890730805   536353890730789   3
536353890730805   536353890730801   4
536353890730805   536353890730805   29
536353890730805   536353890730807   1
536353890730805   536353890730813   3
536353890730805   536353890730869   3
536353890730807   531921213948727   2
536353890730807   531921213965239   2
536353890730807   536353890730775   4
536353890730807   536353890730791   4
536353890730807   536353890730803   3
536353890730807   536353890730805   3
536353890730807   536353890730807   25
536353890730807   536353890730815   3
536353890730807   536353890730871   3
536353890730809   531921213948729   1
536353890730809   536353890730777   1
536353890730809   536353890730793   1
536353890730809   536353890730801   1
536353890730809   536353890730809   41
536353890730809   536353890730873   4
536353890730811   531921213948731   1
536353890730811   531921213965243   1
536353890730811   536353890730779   2
536353890730811   536353890730795   2
536353890730811   536353890730803   2
536353890730811   536353890730809   5
536353890730811   536353890730811   31
536353890730811   536353890730815   1
536353890730811   536353890730875   4
536353890730813   531921213948733   1
536353890730813   531921213965245   1
536353890730813   536353890730781   2
536353890730813   536353890730797   2
536353890730813   536353890730805   2
536353890730813   536353890730809   5
536353890730813   536353890730813   31
536353890730813   536353890730815   1
536353890730813   536353890730877   4
536353890730815   531921213948735   1
536353890730815   531921213965247   2
536353890730815   536353890730783   3
536353890730815   536353890730799   3
536353890730815   536353890730807   3
536353890730815   536353890730811   4
536353890730815   536353890730813   4
536353890730815   536353890730815   25
536353890730815   536353890730879   4
536353890730817   531921213948737   3
536353890730817   536353890730753   3
536353890730817   536353890730817   37
536353890730817   536353890730825   2
536353890730817   536353890730833   2
536353890730817   536353890730849   2
536353890730819   531921213948739   3
536353890730819   531921213965251   1
536353890730819   536353890730755   4
536353890730819   536353890730817   3
536353890730819   536353890730819   31
536353890730819   536353890730823   1
536353890730819   536353890730827   2
536353890730819   536353890730835   2
536353890730819   536353890730851   2
536353890730821   531921213948741   3
536353890730821   531921213965253   1
536353890730821   536353890730757   4
536353890730821   536353890730817   3
536353890730821   536353890730821   31
536353890730821   536353890730823   1
536353890730821   536353890730829   2
536353890730821   536353890730837   2
536353890730821   536353890730853   2
536353890730823   531921213948743   3
536353890730823   531921213965255   2
536353890730823   536353890730759   5
536353890730823   536353890730819   2
536353890730823   536353890730821   2
536353890730823   536353890730823   29
536353890730823   536353890730831   2
536353890730823   536353890730839   2
536353890730823   536353890730855   2
536353890730825   531921213948745   2
536353890730825   536353890730761   2
536353890730825   536353890730817   2
536353890730825   536353890730825   37
536353890730825   536353890730841   3
536353890730825   536353890730857   3
536353890730827   531921213948747   2
536353890730827   531921213965259   1
536353890730827   536353890730763   3
536353890730827   536353890730819   3
536353890730827   536353890730825   4
536353890730827   536353890730827   29
536353890730827   536353890730831   1
536353890730827   536353890730843   3
536353890730827   536353890730859   3
536353890730829   531921213948749   2
536353890730829   531921213965261   1
536353890730829   536353890730765   3
536353890730829   536353890730821   3
536353890730829   536353890730825   4
536353890730829   536353890730829   29
536353890730829   536353890730831   1
536353890730829   536353890730845   3
536353890730829   536353890730861   3
536353890730831   531921213948751   2
536353890730831   531921213965263   2
536353890730831   536353890730767   4
536353890730831   536353890730823   4
536353890730831   536353890730827   3
536353890730831   536353890730829   3
536353890730831   536353890730831   25
536353890730831   536353890730847   3
536353890730831   536353890730863   3
536353890730833   531921213948753   2
536353890730833   536353890730769   2
536353890730833   536353890730817   2
536353890730833   536353890730833   37
536353890730833   536353890730841   3
536353890730833   536353890730865   3
536353890730835   531921213948755   2
536353890730835   531921213965267   1
536353890730835   536353890730771   3
536353890730835   536353890730819   3
536353890730835   536353890730833   4
536353890730835   536353890730835   29
536353890730835   536353890730839   1
536353890730835   536353890730843   3
536353890730835   536353890730867   3
536353890730837   531921213948757   2
536353890730837   531921213965269   1
536353890730837   536353890730773   3
536353890730837   536353890730821   3
536353890730837   536353890730833   4
536353890730837   536353890730837   29
536353890730837   536353890730839   1
536353890730837   536353890730845   3
536353890730837   536353890730869   3
536353890730839   531921213948759   2
536353890730839   531921213965271   2
536353890730839   536353890730775   4
536353890730839   536353890730823   4
536353890730839   536353890730835   3
536353890730839   536353890730837   3
536353890730839   536353890730839   25
536353890730839   536353890730847   3
536353890730839   536353890730871   3
536353890730841   531921213948761   1
536353890730841   536353890730777   1
536353890730841   536353890730825   1
536353890730841   536353890730833   1
536353890730841   536353890730841   41
536353890730841   536353890730873   4
536353890730843   531921213948763   1
536353890730843   531921213965275   1
536353890730843   536353890730779   2
536353890730843   536353890730827   2
536353890730843   536353890730835   2
536353890730843   536353890730841   5
536353890730843   536353890730843   31
536353890730843   536353890730847   1
536353890730843   536353890730875   4
536353890730845   531921213948765   1
536353890730845   531921213965277   1
536353890730845   536353890730781   2
536353890730845   536353890730829   2
536353890730845   536353890730837   2
536353890730845   536353890730841   5
536353890730845   536353890730845   31
536353890730845   536353890730847   1
536353890730845   536353890730877   4
536353890730847   531921213948767   1
536353890730847   531921213965279   2
536353890730847   536353890730783   3
536353890730847   536353890730831   3
536353890730847   536353890730839   3
536353890730847   536353890730843   4
536353890730847   536353890730845   4
536353890730847   536353890730847   25
536353890730847   536353890730879   4
536353890730849   531921213948769   2
536353890730849   536353890730785   2
536353890730849   536353890730817   2
536353890730849   536353890730849   37
536353890730849   536353890730857   3
536353890730849   536353890730865   3
536353890730851   531921213948771   2
536353890730851   531921213965283   1
536353890730851   536353890730787   3
536353890730851   536353890730819   3
536353890730851   536353890730849   4
536353890730851   536353890730851   29
536353890730851   536353890730855   1
536353890730851   536353890730859   3
536353890730851   536353890730867   3
536353890730853   531921213948773   2
536353890730853   531921213965285   1
536353890730853   536353890730789   3
536353890730853   536353890730821   3
536353890730853   536353890730849   4
536353890730853   536353890730853   29
536353890730853   536353890730855   1
536353890730853   536353890730861   3
536353890730853   536353890730869   3
536353890730855   531921213948775   2
536353890730855   531921213965287   2
536353890730855   536353890730791   4
536353890730855   536353890730823   4
536353890730855   536353890730851   3
536353890730855   536353890730853   3
536353890730855   536353890730855   25
536353890730855   536353890730863   3
536353890730855   536353890730871   3
536353890730857   531921213948777   1
536353890730857   536353890730793   1
536353890730857   536353890730825   1
536353890730857   536353890730849   1
536353890730857   536353890730857   41
536353890730857   536353890730873   4
536353890730859   531921213948779   1
536353890730859   531921213965291   1
536353890730859   536353890730795   2
536353890730859   536353890730827   2
536353890730859   536353890730851   2
536353890730859   536353890730857   5
536353890730859   536353890730859   31
536353890730859   536353890730863   1
536353890730859   536353890730875   4
536353890730861   531921213948781   1
536353890730861   531921213965293   1
536353890730861   536353890730797   2
536353890730861   536353890730829   2
536353890730861   536353890730853   2
536353890730861   536353890730857   5
536353890730861   536353890730861   31
536353890730861   536353890730863   1
536353890730861   536353890730877   4
536353890730863   531921213948783   1
536353890730863   531921213965295   2
536353890730863   536353890730799   3
536353890730863   536353890730831   3
536353890730863   536353890730855   3
536353890730863   536353890730859   4
536353890730863   536353890730861   4
536353890730863   536353890730863   25
536353890730863   536353890730879   4
536353890730865   531921213948785   1
536353890730865   536353890730801   1
536353890730865   536353890730833   1
536353890730865   536353890730849   1
536353890730865   536353890730865   41
536353890730865   536353890730873   4
536353890730867   531921213948787   1
536353890730867   531921213965299   1
536353890730867   536353890730803   2
536353890730867   536353890730835   2
536353890730867   536353890730851   2
536353890730867   536353890730865   5
536353890730867   536353890730867   31
536353890730867   536353890730871   1
536353890730867   536353890730875   4
536353890730869   531921213948789   1
536353890730869   531921213965301   1
536353890730869   536353890730805   2
536353890730869   536353890730837   2
536353890730869   536353890730853   2
536353890730869   536353890730865   5
536353890730869   536353890730869   31
536353890730869   536353890730871   1
536353890730869   536353890730877   4
536353890730871   531921213948791   1
536353890730871   531921213965303   2
536353890730871   536353890730807   3
536353890730871   536353890730839   3
536353890730871   536353890730855   3
536353890730871   536353890730867   4
536353890730871   536353890730869   4
536353890730871   536353890730871   25
536353890730871   536353890730879   4
536353890730873   536353890730873   49
536353890730875   531921213965307   1
536353890730875   536353890730811   1
536353890730875   536353890730843   1
536353890730875   536353890730859   1
536353890730875   536353890730867   1
536353890730875   536353890730873   6
536353890730875   536353890730875   37
536353890730875   536353890730879   1
536353890730877   531921213965309   1
536353890730877   536353890730813   1
536353890730877   536353890730845   1
536353890730877   536353890730861   1
536353890730877   536353890730869   1
536353890730877   536353890730873   6
536353890730877   536353890730877   37
536353890730877   536353890730879   1
536353890730879   531921213965311   2
536353890730879   536353890730815   2
536353890730879   536353890730847   2
536353890730879   536353890730863   2
536353890730879   536353890730871   2
536353890730879   536353890730875   5
536353890730879   536353890730877   5
536353890730879   536353890730879   29
