496459594303233   496459594303233   49
496459594303235   496459594303233   3
496459594303235   496459594303235   43
496459594303235   496459594303239   1
496459594303235   496459594303243   1
496459594303235   496459596416899   1
496459594303237   496459594303233   3
496459594303237   496459594303237   43
496459594303237   496459594303239   1
496459594303237   496459594303245   1
496459594303237   496459596416901   1
496459594303239   496459594303235   2
496459594303239   496459594303237   2
496459594303239   496459594303239   41
496459594303239   496459594303247   2
496459594303239   496459596416903   2
496459594303241   496459594303233   3
496459594303241   496459594303241   43
496459594303241   496459594303243   1
496459594303241   496459594303245   1
496459594303241   496459596416905   1
496459594303243   496459594303235   2
496459594303243   496459594303241   2
496459594303243   496459594303243   41
496459594303243   496459594303247   2
496459594303243   496459596416907   2
496459594303245   496459594303237   2
496459594303245   496459594303241   2
496459594303245   496459594303245   41
496459594303245   496459594303247   2
496459594303245   496459596416909   2
496459594303247   496459594303239   1
496459594303247   496459594303243   1
496459594303247   496459594303245   1
496459594303247   496459594303247   43
496459594303247   496459596416911   3
496459594303249   496459594303233   3
496459594303249   496459594303249   43
496459594303249   496459594303281   1
496459594303249   496459594303313   1
496459594303249   500892268988177   1
496459594303251   496459594303235   4
496459594303251   496459594303249   4
496459594303251   496459594303251   35
496459594303251   496459594303255   1
496459594303251   496459594303259   1
496459594303251   496459594303283   1
496459594303251   496459594303315   1
496459594303251   496459596416915   1
496459594303251   500892268988179   1
496459594303253   496459594303237   4
496459594303253   496459594303249   4
496459594303253   496459594303253   35
496459594303253   496459594303255   1
496459594303253   496459594303261   1
496459594303253   496459594303285   1
496459594303253   496459594303317   1
496459594303253   496459596416917   1
496459594303253   500892268988181   1
496459594303255   496459594303239   5
496459594303255   496459594303251   3
496459594303255   496459594303253   3
496459594303255   496459594303255   31
496459594303255   496459594303263   2
496459594303255   496459594303287   1
496459594303255   496459594303319   1
496459594303255   496459596416919   2
496459594303255   500892268988183   1
496459594303257   496459594303241   4
496459594303257   496459594303249   4
496459594303257   496459594303257   35
496459594303257   496459594303259   1
496459594303257   496459594303261   1
496459594303257   496459594303289   1
496459594303257   496459594303321   1
496459594303257   496459596416921   1
496459594303257   500892268988185   1
496459594303259   496459594303243   5
496459594303259   496459594303251   3
496459594303259   496459594303257   3
496459594303259   496459594303259   31
496459594303259   496459594303263   2
496459594303259   496459594303291   1
496459594303259   496459594303323   1
496459594303259   496459596416923   2
496459594303259   500892268988187   1
496459594303261   496459594303245   5
496459594303261   496459594303253   3
496459594303261   496459594303257   3
496459594303261   496459594303261   31
496459594303261   496459594303263   2
496459594303261   496459594303293   1
496459594303261   496459594303325   1
496459594303261   496459596416925   2
496459594303261   500892268988189   1
496459594303263   496459594303247   6
496459594303263   496459594303255   2
496459594303263   496459594303259   2
496459594303263   496459594303261   2
496459594303263   496459594303263   31
496459594303263   496459594303295   1
496459594303263   496459594303327   1
496459594303263   496459596416927   3
496459594303263   500892268988191   1
496459594303265   496459594303233   3
496459594303265   496459594303265   43
496459594303265   496459594303281   1
496459594303265   496459594303329   1
496459594303265   500892268988193   1
496459594303267   496459594303235   4
496459594303267   496459594303265   4
496459594303267   496459594303267   35
496459594303267   496459594303271   1
496459594303267   496459594303275   1
496459594303267   496459594303283   1
496459594303267   496459594303331   1
496459594303267   496459596416931   1
496459594303267   500892268988195   1
496459594303269   496459594303237   4
496459594303269   496459594303265   4
496459594303269   496459594303269   35
496459594303269   496459594303271   1
496459594303269   496459594303277   1
496459594303269   496459594303285   1
496459594303269   496459594303333   1
496459594303269   496459596416933   1
496459594303269   500892268988197   1
496459594303271   496459594303239   5
496459594303271   496459594303267   3
496459594303271   496459594303269   3
496459594303271   496459594303271   31
496459594303271   496459594303279   2
496459594303271   496459594303287   1
496459594303271   496459594303335   1
496459594303271   496459596416935   2
496459594303271   500892268988199   1
496459594303273   496459594303241   4
496459594303273   496459594303265   4
496459594303273   496459594303273   35
496459594303273   496459594303275   1
496459594303273   496459594303277   1
496459594303273   496459594303289   1
496459594303273   496459594303337   1
496459594303273   496459596416937   1
496459594303273   500892268988201   1
496459594303275   496459594303243   5
496459594303275   496459594303267   3
496459594303275   496459594303273   3
496459594303275   496459594303275   31
496459594303275   496459594303279   2
496459594303275   496459594303291   1
496459594303275   496459594303339   1
496459594303275   496459596416939   2
496459594303275   500892268988203   1
496459594303277   496459594303245   5
496459594303277   496459594303269   3
496459594303277   496459594303273   3
496459594303277   496459594303277   31
496459594303277   496459594303279   2
496459594303277   496459594303293   1
496459594303277   496459594303341   1
496459594303277   496459596416941   2
496459594303277   500892268988205   1
496459594303279   496459594303247   6
496459594303279   496459594303271   2
496459594303279   496459594303275   2
496459594303279   496459594303277   2
496459594303279   496459594303279   31
496459594303279   496459594303295   1
496459594303279   496459594303343   1
496459594303279   496459596416943   3
496459594303279   500892268988207   1
496459594303281   496459594303249   2
496459594303281   496459594303265   2
496459594303281   496459594303281   41
496459594303281   496459594303345   2
496459594303281   500892268988209   2
496459594303283   496459594303251   3
496459594303283   496459594303267   3
496459594303283   496459594303281   5
496459594303283   496459594303283   31
496459594303283   496459594303287   1
496459594303283   496459594303291   1
496459594303283   496459594303347   2
496459594303283   496459596416947   1
496459594303283   500892268988211   2
496459594303285   496459594303253   3
496459594303285   496459594303269   3
496459594303285   496459594303281   5
496459594303285   496459594303285   31
496459594303285   496459594303287   1
496459594303285   496459594303293   1
496459594303285   496459594303349   2
496459594303285   496459596416949   1
496459594303285   500892268988213   2
496459594303287   496459594303255   4
496459594303287   496459594303271   4
496459594303287   496459594303283   4
496459594303287   496459594303285   4
496459594303287   496459594303287   25
496459594303287   496459594303295   2
496459594303287   496459594303351   2
496459594303287   496459596416951   2
496459594303287   500892268988215   2
496459594303289   496459594303257   3
496459594303289   496459594303273   3
496459594303289   496459594303281   5
496459594303289   496459594303289   31
496459594303289   496459594303291   1
496459594303289   496459594303293   1
496459594303289   496459594303353   2
496459594303289   496459596416953   1
496459594303289   500892268988217   2
496459594303291   496459594303259   4
496459594303291   496459594303275   4
496459594303291   496459594303283   4
496459594303291   496459594303289   4
496459594303291   496459594303291   25
496459594303291   496459594303295   2
496459594303291   496459594303355   2
496459594303291   496459596416955   2
496459594303291   500892268988219   2
496459594303293   496459594303261   4
496459594303293   496459594303277   4
496459594303293   496459594303285   4
496459594303293   496459594303289   4
496459594303293   496459594303293   25
496459594303293   496459594303295   2
496459594303293   496459594303357   2
496459594303293   496459596416957   2
496459594303293   500892268988221   2
496459594303295   496459594303263   5
496459594303295   496459594303279   5
496459594303295   496459594303287   3
496459594303295   496459594303291   3
496459594303295   496459594303293   3
496459594303295   496459594303295   23
496459594303295   496459594303359   2
496459594303295   496459596416959   3
496459594303295   500892268988223   2
496459594303297   496459594303233   3
496459594303297   496459594303297   43
496459594303297   496459594303313   1
496459594303297   496459594303329   1
496459594303297   500892268988225   1
496459594303299   496459594303235   4
496459594303299   496459594303297   4
496459594303299   496459594303299   35
496459594303299   496459594303303   1
496459594303299   496459594303307   1
496459594303299   496459594303315   1
496459594303299   496459594303331   1
496459594303299   496459596416963   1
496459594303299   500892268988227   1
496459594303301   496459594303237   4
496459594303301   496459594303297   4
496459594303301   496459594303301   35
496459594303301   496459594303303   1
496459594303301   496459594303309   1
496459594303301   496459594303317   1
496459594303301   496459594303333   1
496459594303301   496459596416965   1
496459594303301   500892268988229   1
496459594303303   496459594303239   5
496459594303303   496459594303299   3
496459594303303   496459594303301   3
496459594303303   496459594303303   31
496459594303303   496459594303311   2
496459594303303   496459594303319   1
496459594303303   496459594303335   1
496459594303303   496459596416967   2
496459594303303   500892268988231   1
496459594303305   496459594303241   4
496459594303305   496459594303297   4
496459594303305   496459594303305   35
496459594303305   496459594303307   1
496459594303305   496459594303309   1
496459594303305   496459594303321   1
496459594303305   496459594303337   1
496459594303305   496459596416969   1
496459594303305   500892268988233   1
496459594303307   496459594303243   5
496459594303307   496459594303299   3
496459594303307   496459594303305   3
496459594303307   496459594303307   31
496459594303307   496459594303311   2
496459594303307   496459594303323   1
496459594303307   496459594303339   1
496459594303307   496459596416971   2
496459594303307   500892268988235   1
496459594303309   496459594303245   5
496459594303309   496459594303301   3
496459594303309   496459594303305   3
496459594303309   496459594303309   31
496459594303309   496459594303311   2
496459594303309   496459594303325   1
496459594303309   496459594303341   1
496459594303309   496459596416973   2
496459594303309   500892268988237   1
496459594303311   496459594303247   6
496459594303311   496459594303303   2
496459594303311   496459594303307   2
496459594303311   496459594303309   2
496459594303311   496459594303311   31
496459594303311   496459594303327   1
496459594303311   496459594303343   1
496459594303311   496459596416975   3
496459594303311   500892268988239   1
496459594303313   496459594303249   2
496459594303313   496459594303297   2
496459594303313   496459594303313   41
496459594303313   496459594303345   2
496459594303313   500892268988241   2
496459594303315   496459594303251   3
496459594303315   496459594303299   3
496459594303315   496459594303313   5
496459594303315   496459594303315   31
496459594303315   496459594303319   1
496459594303315   496459594303323   1
496459594303315   496459594303347   2
496459594303315   496459596416979   1
496459594303315   500892268988243   2
496459594303317   496459594303253   3
496459594303317   496459594303301   3
496459594303317   496459594303313   5
496459594303317   496459594303317   31
496459594303317   496459594303319   1
496459594303317   496459594303325   1
496459594303317   496459594303349   2
496459594303317   496459596416981   1
496459594303317   500892268988245   2
496459594303319   496459594303255   4
496459594303319   496459594303303   4
496459594303319   496459594303315   4
496459594303319   496459594303317   4
496459594303319   496459594303319   25
496459594303319   496459594303327   2
496459594303319   496459594303351   2
496459594303319   496459596416983   2
496459594303319   500892268988247   2
496459594303321   496459594303257   3
496459594303321   496459594303305   3
496459594303321   496459594303313   5
496459594303321   496459594303321   31
496459594303321   496459594303323   1
496459594303321   496459594303325   1
496459594303321   496459594303353   2
496459594303321   496459596416985   1
496459594303321   500892268988249   2
496459594303323   496459594303259   4
496459594303323   496459594303307   4
496459594303323   496459594303315   4
496459594303323   496459594303321   4
496459594303323   496459594303323   25
496459594303323   496459594303327   2
496459594303323   496459594303355   2
496459594303323   496459596416987   2
496459594303323   500892268988251   2
496459594303325   496459594303261   4
496459594303325   496459594303309   4
496459594303325   496459594303317   4
496459594303325   496459594303321   4
496459594303325   496459594303325   25
496459594303325   496459594303327   2
496459594303325   496459594303357   2
496459594303325   496459596416989   2
496459594303325   500892268988253   2
496459594303327   496459594303263   5
496459594303327   496459594303311   5
496459594303327   496459594303319   3
496459594303327   496459594303323   3
496459594303327   496459594303325   3
496459594303327   496459594303327   23
496459594303327   496459594303359   2
496459594303327   496459596416991   3
496459594303327   500892268988255   2
496459594303329   496459594303265   2
496459594303329   496459594303297   2
496459594303329   496459594303329   41
496459594303329   496459594303345   2
496459594303329   500892268988257   2
496459594303331   496459594303267   3
496459594303331   496459594303299   3
496459594303331   496459594303329   5
496459594303331   496459594303331   31
496459594303331   496459594303335   1
496459594303331   496459594303339   1
496459594303331   496459594303347   2
496459594303331   496459596416995   1
496459594303331   500892268988259   2
496459594303333   496459594303269   3
496459594303333   496459594303301   3
496459594303333   496459594303329   5
496459594303333   496459594303333   31
496459594303333   496459594303335   1
496459594303333   496459594303341   1
496459594303333   496459594303349   2
496459594303333   496459596416997   1
496459594303333   500892268988261   2
496459594303335   496459594303271   4
496459594303335   496459594303303   4
496459594303335   496459594303331   4
496459594303335   496459594303333   4
496459594303335   496459594303335   25
496459594303335   496459594303343   2
496459594303335   496459594303351   2
496459594303335   496459596416999   2
496459594303335   500892268988263   2
496459594303337   496459594303273   3
496459594303337   496459594303305   3
496459594303337   496459594303329   5
496459594303337   496459594303337   31
496459594303337   496459594303339   1
496459594303337   496459594303341   1
496459594303337   496459594303353   2
496459594303337   496459596417001   1
496459594303337   500892268988265   2
496459594303339   496459594303275   4
496459594303339   496459594303307   4
496459594303339   496459594303331   4
496459594303339   496459594303337   4
496459594303339   496459594303339   25
496459594303339   496459594303343   2
496459594303339   496459594303355   2
496459594303339   496459596417003   2
496459594303339   500892268988267   2
496459594303341   496459594303277   4
496459594303341   496459594303309   4
496459594303341   496459594303333   4
496459594303341   496459594303337   4
496459594303341   496459594303341   25
496459594303341   496459594303343   2
496459594303341   496459594303357   2
496459594303341   496459596417005   2
496459594303341   500892268988269   2
496459594303343   496459594303279   5
496459594303343   496459594303311   5
496459594303343   496459594303335   3
496459594303343   496459594303339   3
496459594303343   496459594303341   3
496459594303343   496459594303343   23
496459594303343   496459594303359   2
496459594303343   496459596417007   3
496459594303343   500892268988271   2
496459594303345   496459594303281   1
496459594303345   496459594303313   1
496459594303345   496459594303329   1
496459594303345   496459594303345   43
496459594303345   500892268988273   3
496459594303347   496459594303283   2
496459594303347   496459594303315   2
496459594303347   496459594303331   2
496459594303347   496459594303345   6
496459594303347   496459594303347   31
496459594303347   496459594303351   1
496459594303347   496459594303355   1
496459594303347   496459596417011   1
496459594303347   500892268988275   3
496459594303349   496459594303285   2
496459594303349   496459594303317   2
496459594303349   496459594303333   2
496459594303349   496459594303345   6
496459594303349   496459594303349   31
496459594303349   496459594303351   1
496459594303349   496459594303357   1
496459594303349   496459596417013   1
496459594303349   500892268988277   3
496459594303351   496459594303287   3
496459594303351   496459594303319   3
496459594303351   496459594303335   3
496459594303351   496459594303347   5
496459594303351   496459594303349   5
496459594303351   496459594303351   23
496459594303351   496459594303359   2
496459594303351   496459596417015   2
496459594303351   500892268988279   3
496459594303353   496459594303289   2
496459594303353   496459594303321   2
496459594303353   496459594303337   2
496459594303353   496459594303345   6
496459594303353   496459594303353   31
496459594303353   496459594303355   1
496459594303353   496459594303357   1
496459594303353   496459596417017   1
496459594303353   500892268988281   3
496459594303355   496459594303291   3
496459594303355   496459594303323   3
496459594303355   496459594303339   3
496459594303355   496459594303347   5
496459594303355   496459594303353   5
496459594303355   496459594303355   23
496459594303355   496459594303359   2
496459594303355   496459596417019   2
496459594303355   500892268988283   3
496459594303357   496459594303293   3
496459594303357   496459594303325   3
496459594303357   496459594303341   3
496459594303357   496459594303349   5
496459594303357   496459594303353   5
496459594303357   496459594303357   23
496459594303357   496459594303359   2
496459594303357   496459596417021   2
496459594303357   500892268988285   3
496459594303359   496459594303295   4
496459594303359   496459594303327   4
496459594303359   496459594303343   4
496459594303359   496459594303351   4
496459594303359   496459594303355   4
496459594303359   496459594303357   4
496459594303359   496459594303359   19
496459594303359   496459596417023   3
496459594303359   500892268988287   3
496459596416897   496459594303233   3
496459596416897   496459596416897   43
496459596416897   496459596416899   1
496459596416897   496459596416901   1
496459596416897   496459596416905   1
496459596416899   496459594303235   2
496459596416899   496459596416897   2
496459596416899   496459596416899   41
496459596416899   496459596416903   2
496459596416899   496459596416907   2
496459596416901   496459594303237   2
496459596416901   496459596416897   2
496459596416901   496459596416901   41
496459596416901   496459596416903   2
496459596416901   496459596416909   2
496459596416903   496459594303239   1
496459596416903   496459596416899   1
496459596416903   496459596416901   1
496459596416903   496459596416903   43
496459596416903   496459596416911   3
496459596416905   496459594303241   2
496459596416905   496459596416897   2
496459596416905   496459596416905   41
496459596416905   496459596416907   2
496459596416905   496459596416909   2
496459596416907   496459594303243   1
496459596416907   496459596416899   1
496459596416907   496459596416905   1
496459596416907   496459596416907   43
496459596416907   496459596416911   3
496459596416909   496459594303245   1
496459596416909   496459596416901   1
496459596416909   496459596416905   1
496459596416909   496459596416909   43
496459596416909   496459596416911   3
496459596416911   496459596416911   49
496459596416913   496459594303249   3
496459596416913   496459596416897   3
496459596416913   496459596416913   37
496459596416913   496459596416915   1
496459596416913   496459596416917   1
496459596416913   496459596416921   1
496459596416913   496459596416945   1
496459596416913   496459596416977   1
496459596416913   500892268988177   1
496459596416915   496459594303251   2
496459596416915   496459596416899   4
496459596416915   496459596416913   3
496459596416915   496459596416915   33
496459596416915   496459596416919   2
496459596416915   496459596416923   2
496459596416915   496459596416947   1
496459596416915   496459596416979   1
496459596416915   500892268988179   1
496459596416917   496459594303253   2
496459596416917   496459596416901   4
496459596416917   496459596416913   3
496459596416917   496459596416917   33
496459596416917   496459596416919   2
496459596416917   496459596416925   2
496459596416917   496459596416949   1
496459596416917   496459596416981   1
496459596416917   500892268988181   1
496459596416919   496459594303255   1
496459596416919   496459596416903   5
496459596416919   496459596416915   2
496459596416919   496459596416917   2
496459596416919   496459596416919   33
496459596416919   496459596416927   3
496459596416919   496459596416951   1
496459596416919   496459596416983   1
496459596416919   500892268988183   1
496459596416921   496459594303257   2
496459596416921   496459596416905   4
496459596416921   496459596416913   3
496459596416921   496459596416921   33
496459596416921   496459596416923   2
496459596416921   496459596416925   2
496459596416921   496459596416953   1
496459596416921   496459596416985   1
496459596416921   500892268988185   1
496459596416923   496459594303259   1
496459596416923   496459596416907   5
496459596416923   496459596416915   2
496459596416923   496459596416921   2
496459596416923   496459596416923   33
496459596416923   496459596416927   3
496459596416923   496459596416955   1
496459596416923   496459596416987   1
496459596416923   500892268988187   1
496459596416925   496459594303261   1
496459596416925   496459596416909   5
496459596416925   496459596416917   2
496459596416925   496459596416921   2
496459596416925   496459596416925   33
496459596416925   496459596416927   3
496459596416925   496459596416957   1
496459596416925   496459596416989   1
496459596416925   500892268988189   1
496459596416927   496459596416911   6
496459596416927   496459596416919   1
496459596416927   496459596416923   1
496459596416927   496459596416925   1
496459596416927   496459596416927   37
496459596416927   496459596416959   1
496459596416927   496459596416991   1
496459596416927   500892268988191   1
496459596416929   496459594303265   3
496459596416929   496459596416897   3
496459596416929   496459596416929   37
496459596416929   496459596416931   1
496459596416929   496459596416933   1
496459596416929   496459596416937   1
496459596416929   496459596416945   1
496459596416929   496459596416993   1
496459596416929   500892268988193   1
496459596416931   496459594303267   2
496459596416931   496459596416899   4
496459596416931   496459596416929   3
496459596416931   496459596416931   33
496459596416931   496459596416935   2
496459596416931   496459596416939   2
496459596416931   496459596416947   1
496459596416931   496459596416995   1
496459596416931   500892268988195   1
496459596416933   496459594303269   2
496459596416933   496459596416901   4
496459596416933   496459596416929   3
496459596416933   496459596416933   33
496459596416933   496459596416935   2
496459596416933   496459596416941   2
496459596416933   496459596416949   1
496459596416933   496459596416997   1
496459596416933   500892268988197   1
496459596416935   496459594303271   1
496459596416935   496459596416903   5
496459596416935   496459596416931   2
496459596416935   496459596416933   2
496459596416935   496459596416935   33
496459596416935   496459596416943   3
496459596416935   496459596416951   1
496459596416935   496459596416999   1
496459596416935   500892268988199   1
496459596416937   496459594303273   2
496459596416937   496459596416905   4
496459596416937   496459596416929   3
496459596416937   496459596416937   33
496459596416937   496459596416939   2
496459596416937   496459596416941   2
496459596416937   496459596416953   1
496459596416937   496459596417001   1
496459596416937   500892268988201   1
496459596416939   496459594303275   1
496459596416939   496459596416907   5
496459596416939   496459596416931   2
496459596416939   496459596416937   2
496459596416939   496459596416939   33
496459596416939   496459596416943   3
496459596416939   496459596416955   1
496459596416939   496459596417003   1
496459596416939   500892268988203   1
496459596416941   496459594303277   1
496459596416941   496459596416909   5
496459596416941   496459596416933   2
496459596416941   496459596416937   2
496459596416941   496459596416941   33
496459596416941   496459596416943   3
496459596416941   496459596416957   1
496459596416941   496459596417005   1
496459596416941   500892268988205   1
496459596416943   496459596416911   6
496459596416943   496459596416935   1
496459596416943   496459596416939   1
496459596416943   496459596416941   1
496459596416943   496459596416943   37
496459596416943   496459596416959   1
496459596416943   496459596417007   1
496459596416943   500892268988207   1
496459596416945   496459594303281   3
496459596416945   496459596416913   2
496459596416945   496459596416929   2
496459596416945   496459596416945   35
496459596416945   496459596416947   1
496459596416945   496459596416949   1
496459596416945   496459596416953   1
496459596416945   496459596417009   2
496459596416945   500892268988209   2
496459596416947   496459594303283   2
496459596416947   496459596416915   3
496459596416947   496459596416931   3
496459596416947   496459596416945   4
496459596416947   496459596416947   29
496459596416947   496459596416951   2
496459596416947   496459596416955   2
496459596416947   496459596417011   2
496459596416947   500892268988211   2
496459596416949   496459594303285   2
496459596416949   496459596416917   3
496459596416949   496459596416933   3
496459596416949   496459596416945   4
496459596416949   496459596416949   29
496459596416949   496459596416951   2
496459596416949   496459596416957   2
496459596416949   496459596417013   2
496459596416949   500892268988213   2
496459596416951   496459594303287   1
496459596416951   496459596416919   4
496459596416951   496459596416935   4
496459596416951   496459596416947   3
496459596416951   496459596416949   3
496459596416951   496459596416951   27
496459596416951   496459596416959   3
496459596416951   496459596417015   2
496459596416951   500892268988215   2
496459596416953   496459594303289   2
496459596416953   496459596416921   3
496459596416953   496459596416937   3
496459596416953   496459596416945   4
496459596416953   496459596416953   29
496459596416953   496459596416955   2
496459596416953   496459596416957   2
496459596416953   496459596417017   2
496459596416953   500892268988217   2
496459596416955   496459594303291   1
496459596416955   496459596416923   4
496459596416955   496459596416939   4
496459596416955   496459596416947   3
496459596416955   496459596416953   3
496459596416955   496459596416955   27
496459596416955   496459596416959   3
496459596416955   496459596417019   2
496459596416955   500892268988219   2
496459596416957   496459594303293   1
496459596416957   496459596416925   4
496459596416957   496459596416941   4
496459596416957   496459596416949   3
496459596416957   496459596416953   3
496459596416957   496459596416957   27
496459596416957   496459596416959   3
496459596416957   496459596417021   2
496459596416957   500892268988221   2
496459596416959   496459596416927   5
496459596416959   496459596416943   5
496459596416959   496459596416951   2
496459596416959   496459596416955   2
496459596416959   496459596416957   2
496459596416959   496459596416959   29
496459596416959   496459596417023   2
496459596416959   500892268988223   2
496459596416961   496459594303297   3
496459596416961   496459596416897   3
496459596416961   496459596416961   37
496459596416961   496459596416963   1
496459596416961   496459596416965   1
496459596416961   496459596416969   1
496459596416961   496459596416977   1
496459596416961   496459596416993   1
496459596416961   500892268988225   1
496459596416963   496459594303299   2
496459596416963   496459596416899   4
496459596416963   496459596416961   3
496459596416963   496459596416963   33
496459596416963   496459596416967   2
496459596416963   496459596416971   2
496459596416963   496459596416979   1
496459596416963   496459596416995   1
496459596416963   500892268988227   1
496459596416965   496459594303301   2
496459596416965   496459596416901   4
496459596416965   496459596416961   3
496459596416965   496459596416965   33
496459596416965   496459596416967   2
496459596416965   496459596416973   2
496459596416965   496459596416981   1
496459596416965   496459596416997   1
496459596416965   500892268988229   1
496459596416967   496459594303303   1
496459596416967   496459596416903   5
496459596416967   496459596416963   2
496459596416967   496459596416965   2
496459596416967   496459596416967   33
496459596416967   496459596416975   3
496459596416967   496459596416983   1
496459596416967   496459596416999   1
496459596416967   500892268988231   1
496459596416969   496459594303305   2
496459596416969   496459596416905   4
496459596416969   496459596416961   3
496459596416969   496459596416969   33
496459596416969   496459596416971   2
496459596416969   496459596416973   2
496459596416969   496459596416985   1
496459596416969   496459596417001   1
496459596416969   500892268988233   1
496459596416971   496459594303307   1
496459596416971   496459596416907   5
496459596416971   496459596416963   2
496459596416971   496459596416969   2
496459596416971   496459596416971   33
496459596416971   496459596416975   3
496459596416971   496459596416987   1
496459596416971   496459596417003   1
496459596416971   500892268988235   1
496459596416973   496459594303309   1
496459596416973   496459596416909   5
496459596416973   496459596416965   2
496459596416973   496459596416969   2
496459596416973   496459596416973   33
496459596416973   496459596416975   3
496459596416973   496459596416989   1
496459596416973   496459596417005   1
496459596416973   500892268988237   1
496459596416975   496459596416911   6
496459596416975   496459596416967   1
496459596416975   496459596416971   1
496459596416975   496459596416973   1
496459596416975   496459596416975   37
496459596416975   496459596416991   1
496459596416975   496459596417007   1
496459596416975   500892268988239   1
496459596416977   496459594303313   3
496459596416977   496459596416913   2
496459596416977   496459596416961   2
496459596416977   496459596416977   35
496459596416977   496459596416979   1
496459596416977   496459596416981   1
496459596416977   496459596416985   1
496459596416977   496459596417009   2
496459596416977   500892268988241   2
496459596416979   496459594303315   2
496459596416979   496459596416915   3
496459596416979   496459596416963   3
496459596416979   496459596416977   4
496459596416979   496459596416979   29
496459596416979   496459596416983   2
496459596416979   496459596416987   2
496459596416979   496459596417011   2
496459596416979   500892268988243   2
496459596416981   496459594303317   2
496459596416981   496459596416917   3
496459596416981   496459596416965   3
496459596416981   496459596416977   4
496459596416981   496459596416981   29
496459596416981   496459596416983   2
496459596416981   496459596416989   2
496459596416981   496459596417013   2
496459596416981   500892268988245   2
496459596416983   496459594303319   1
496459596416983   496459596416919   4
496459596416983   496459596416967   4
496459596416983   496459596416979   3
496459596416983   496459596416981   3
496459596416983   496459596416983   27
496459596416983   496459596416991   3
496459596416983   496459596417015   2
496459596416983   500892268988247   2
496459596416985   496459594303321   2
496459596416985   496459596416921   3
496459596416985   496459596416969   3
496459596416985   496459596416977   4
496459596416985   496459596416985   29
496459596416985   496459596416987   2
496459596416985   496459596416989   2
496459596416985   496459596417017   2
496459596416985   500892268988249   2
496459596416987   496459594303323   1
496459596416987   496459596416923   4
496459596416987   496459596416971   4
496459596416987   496459596416979   3
496459596416987   496459596416985   3
496459596416987   496459596416987   27
496459596416987   496459596416991   3
496459596416987   496459596417019   2
496459596416987   500892268988251   2
496459596416989   496459594303325   1
496459596416989   496459596416925   4
496459596416989   496459596416973   4
496459596416989   496459596416981   3
496459596416989   496459596416985   3
496459596416989   496459596416989   27
496459596416989   496459596416991   3
496459596416989   496459596417021   2
496459596416989   500892268988253   2
496459596416991   496459596416927   5
496459596416991   496459596416975   5
496459596416991   496459596416983   2
496459596416991   496459596416987   2
496459596416991   496459596416989   2
496459596416991   496459596416991   29
496459596416991   496459596417023   2
496459596416991   500892268988255   2
496459596416993   496459594303329   3
496459596416993   496459596416929   2
496459596416993   496459596416961   2
496459596416993   496459596416993   35
496459596416993   496459596416995   1
496459596416993   496459596416997   1
496459596416993   496459596417001   1
496459596416993   496459596417009   2
496459596416993   500892268988257   2
496459596416995   496459594303331   2
496459596416995   496459596416931   3
496459596416995   496459596416963   3
496459596416995   496459596416993   4
496459596416995   496459596416995   29
496459596416995   496459596416999   2
496459596416995   496459596417003   2
496459596416995   496459596417011   2
496459596416995   500892268988259   2
496459596416997   496459594303333   2
496459596416997   496459596416933   3
496459596416997   496459596416965   3
496459596416997   496459596416993   4
496459596416997   496459596416997   29
496459596416997   496459596416999   2
496459596416997   496459596417005   2
496459596416997   496459596417013   2
496459596416997   500892268988261   2
496459596416999   496459594303335   1
496459596416999   496459596416935   4
496459596416999   496459596416967   4
496459596416999   496459596416995   3
496459596416999   496459596416997   3
496459596416999   496459596416999   27
496459596416999   496459596417007   3
496459596416999   496459596417015   2
496459596416999   500892268988263   2
496459596417001   496459594303337   2
496459596417001   496459596416937   3
496459596417001   496459596416969   3
496459596417001   496459596416993   4
496459596417001   496459596417001   29
496459596417001   496459596417003   2
496459596417001   496459596417005   2
496459596417001   496459596417017   2
496459596417001   500892268988265   2
496459596417003   496459594303339   1
496459596417003   496459596416939   4
496459596417003   496459596416971   4
496459596417003   496459596416995   3
496459596417003   496459596417001   3
496459596417003   496459596417003   27
496459596417003   496459596417007   3
496459596417003   496459596417019   2
496459596417003   500892268988267   2
496459596417005   496459594303341   1
496459596417005   496459596416941   4
496459596417005   496459596416973   4
496459596417005   496459596416997   3
496459596417005   496459596417001   3
496459596417005   496459596417005   27
496459596417005   496459596417007   3
496459596417005   496459596417021   2
496459596417005   500892268988269   2
496459596417007   496459596416943   5
496459596417007   496459596416975   5
496459596417007   496459596416999   2
496459596417007   496459596417003   2
496459596417007   496459596417005   2
496459596417007   496459596417007   29
496459596417007   496459596417023   2
496459596417007   500892268988271   2
496459596417009   496459594303345   3
496459596417009   496459596416945   1
496459596417009   496459596416977   1
496459596417009   496459596416993   1
496459596417009   496459596417009   37
496459596417009   496459596417011   1
496459596417009   496459596417013   1
496459596417009   496459596417017   1
496459596417009   500892268988273   3
496459596417011   496459594303347   2
496459596417011   496459596416947   2
496459596417011   496459596416979   2
496459596417011   496459596416995   2
496459596417011   496459596417009   5
496459596417011   496459596417011   29
496459596417011   496459596417015   2
496459596417011   496459596417019   2
496459596417011   500892268988275   3
496459596417013   496459594303349   2
496459596417013   496459596416949   2
496459596417013   496459596416981   2
496459596417013   496459596416997   2
496459596417013   496459596417009   5
496459596417013   496459596417013   29
496459596417013   496459596417015   2
496459596417013   496459596417021   2
496459596417013   500892268988277   3
496459596417015   496459594303351   1
496459596417015   496459596416951   3
496459596417015   496459596416983   3
496459596417015   496459596416999   3
496459596417015   496459596417011   4
496459596417015   496459596417013   4
496459596417015   496459596417015   25
496459596417015   496459596417023   3
496459596417015   500892268988279   3
496459596417017   496459594303353   2
496459596417017   496459596416953   2
496459596417017   496459596416985   2
496459596417017   496459596417001   2
496459596417017   496459596417009   5
496459596417017   496459596417017   29
496459596417017   496459596417019   2
496459596417017   496459596417021   2
496459596417017   500892268988281   3
496459596417019   496459594303355   1
496459596417019   496459596416955   3
496459596417019   496459596416987   3
496459596417019   496459596417003   3
496459596417019   496459596417011   4
496459596417019   496459596417017   4
496459596417019   496459596417019   25
496459596417019   496459596417023   3
496459596417019   500892268988283   3
496459596417021   496459594303357   1
496459596417021   496459596416957   3
496459596417021   496459596416989   3
496459596417021   496459596417005   3
496459596417021   496459596417013   4
496459596417021   496459596417017   4
496459596417021   496459596417021   25
496459596417021   496459596417023   3
496459596417021   500892268988285   3
496459596417023   496459596416959   4
496459596417023   496459596416991   4
496459596417023   496459596417007   4
496459596417023   496459596417015   3
496459596417023   496459596417019   3
496459596417023   496459596417021   3
496459596417023   496459596417023   25
496459596417023   500892268988287   3
500892268988161   496459594303233   3
500892268988161   500892268988161   43
500892268988161   500892268988177   1
500892268988161   500892268988193   1
500892268988161   500892268988225   1
500892268988163   496459594303235   3
500892268988163   496459596416899   1
500892268988163   500892268988161   3
500892268988163   500892268988163   37
500892268988163   500892268988167   1
500892268988163   500892268988171   1
500892268988163   500892268988179   1
500892268988163   500892268988195   1
500892268988163   500892268988227   1
500892268988165   496459594303237   3
500892268988165   496459596416901   1
500892268988165   500892268988161   3
500892268988165   500892268988165   37
500892268988165   500892268988167   1
500892268988165   500892268988173   1
500892268988165   500892268988181   1
500892268988165   500892268988197   1
500892268988165   500892268988229   1
500892268988167   496459594303239   3
500892268988167   496459596416903   2
500892268988167   500892268988163   2
500892268988167   500892268988165   2
500892268988167   500892268988167   35
500892268988167   500892268988175   2
500892268988167   500892268988183   1
500892268988167   500892268988199   1
500892268988167   500892268988231   1
500892268988169   496459594303241   3
500892268988169   496459596416905   1
500892268988169   500892268988161   3
500892268988169   500892268988169   37
500892268988169   500892268988171   1
500892268988169   500892268988173   1
500892268988169   500892268988185   1
500892268988169   500892268988201   1
500892268988169   500892268988233   1
500892268988171   496459594303243   3
500892268988171   496459596416907   2
500892268988171   500892268988163   2
500892268988171   500892268988169   2
500892268988171   500892268988171   35
500892268988171   500892268988175   2
500892268988171   500892268988187   1
500892268988171   500892268988203   1
500892268988171   500892268988235   1
500892268988173   496459594303245   3
500892268988173   496459596416909   2
500892268988173   500892268988165   2
500892268988173   500892268988169   2
500892268988173   500892268988173   35
500892268988173   500892268988175   2
500892268988173   500892268988189   1
500892268988173   500892268988205   1
500892268988173   500892268988237   1
500892268988175   496459594303247   3
500892268988175   496459596416911   3
500892268988175   500892268988167   1
500892268988175   500892268988171   1
500892268988175   500892268988173   1
500892268988175   500892268988175   37
500892268988175   500892268988191   1
500892268988175   500892268988207   1
500892268988175   500892268988239   1
500892268988177   496459594303249   2
500892268988177   500892268988161   2
500892268988177   500892268988177   41
500892268988177   500892268988209   2
500892268988177   500892268988241   2
500892268988179   496459594303251   2
500892268988179   496459596416915   1
500892268988179   500892268988163   3
500892268988179   500892268988177   4
500892268988179   500892268988179   33
500892268988179   500892268988183   1
500892268988179   500892268988187   1
500892268988179   500892268988211   2
500892268988179   500892268988243   2
500892268988181   496459594303253   2
500892268988181   496459596416917   1
500892268988181   500892268988165   3
500892268988181   500892268988177   4
500892268988181   500892268988181   33
500892268988181   500892268988183   1
500892268988181   500892268988189   1
500892268988181   500892268988213   2
500892268988181   500892268988245   2
500892268988183   496459594303255   2
500892268988183   496459596416919   2
500892268988183   500892268988167   4
500892268988183   500892268988179   3
500892268988183   500892268988181   3
500892268988183   500892268988183   29
500892268988183   500892268988191   2
500892268988183   500892268988215   2
500892268988183   500892268988247   2
500892268988185   496459594303257   2
500892268988185   496459596416921   1
500892268988185   500892268988169   3
500892268988185   500892268988177   4
500892268988185   500892268988185   33
500892268988185   500892268988187   1
500892268988185   500892268988189   1
500892268988185   500892268988217   2
500892268988185   500892268988249   2
500892268988187   496459594303259   2
500892268988187   496459596416923   2
500892268988187   500892268988171   4
500892268988187   500892268988179   3
500892268988187   500892268988185   3
500892268988187   500892268988187   29
500892268988187   500892268988191   2
500892268988187   500892268988219   2
500892268988187   500892268988251   2
500892268988189   496459594303261   2
500892268988189   496459596416925   2
500892268988189   500892268988173   4
500892268988189   500892268988181   3
500892268988189   500892268988185   3
500892268988189   500892268988189   29
500892268988189   500892268988191   2
500892268988189   500892268988221   2
500892268988189   500892268988253   2
500892268988191   496459594303263   2
500892268988191   496459596416927   3
500892268988191   500892268988175   5
500892268988191   500892268988183   2
500892268988191   500892268988187   2
500892268988191   500892268988189   2
500892268988191   500892268988191   29
500892268988191   500892268988223   2
500892268988191   500892268988255   2
500892268988193   496459594303265   2
500892268988193   500892268988161   2
500892268988193   500892268988193   41
500892268988193   500892268988209   2
500892268988193   500892268988257   2
500892268988195   496459594303267   2
500892268988195   496459596416931   1
500892268988195   500892268988163   3
500892268988195   500892268988193   4
500892268988195   500892268988195   33
500892268988195   500892268988199   1
500892268988195   500892268988203   1
500892268988195   500892268988211   2
500892268988195   500892268988259   2
500892268988197   496459594303269   2
500892268988197   496459596416933   1
500892268988197   500892268988165   3
500892268988197   500892268988193   4
500892268988197   500892268988197   33
500892268988197   500892268988199   1
500892268988197   500892268988205   1
500892268988197   500892268988213   2
500892268988197   500892268988261   2
500892268988199   496459594303271   2
500892268988199   496459596416935   2
500892268988199   500892268988167   4
500892268988199   500892268988195   3
500892268988199   500892268988197   3
500892268988199   500892268988199   29
500892268988199   500892268988207   2
500892268988199   500892268988215   2
500892268988199   500892268988263   2
500892268988201   496459594303273   2
500892268988201   496459596416937   1
500892268988201   500892268988169   3
500892268988201   500892268988193   4
500892268988201   500892268988201   33
500892268988201   500892268988203   1
500892268988201   500892268988205   1
500892268988201   500892268988217   2
500892268988201   500892268988265   2
500892268988203   496459594303275   2
500892268988203   496459596416939   2
500892268988203   500892268988171   4
500892268988203   500892268988195   3
500892268988203   500892268988201   3
500892268988203   500892268988203   29
500892268988203   500892268988207   2
500892268988203   500892268988219   2
500892268988203   500892268988267   2
500892268988205   496459594303277   2
500892268988205   496459596416941   2
500892268988205   500892268988173   4
500892268988205   500892268988197   3
500892268988205   500892268988201   3
500892268988205   500892268988205   29
500892268988205   500892268988207   2
500892268988205   500892268988221   2
500892268988205   500892268988269   2
500892268988207   496459594303279   2
500892268988207   496459596416943   3
500892268988207   500892268988175   5
500892268988207   500892268988199   2
500892268988207   500892268988203   2
500892268988207   500892268988205   2
500892268988207   500892268988207   29
500892268988207   500892268988223   2
500892268988207   500892268988271   2
500892268988209   496459594303281   1
500892268988209   500892268988177   1
500892268988209   500892268988193   1
500892268988209   500892268988209   43
500892268988209   500892268988273   3
500892268988211   496459594303283   1
500892268988211   496459596416947   1
500892268988211   500892268988179   2
500892268988211   500892268988195   2
500892268988211   500892268988209   5
500892268988211   500892268988211   33
500892268988211   500892268988215   1
500892268988211   500892268988219   1
500892268988211   500892268988275   3
500892268988213   496459594303285   1
500892268988213   496459596416949   1
500892268988213   500892268988181   2
500892268988213   500892268988197   2
500892268988213   500892268988209   5
500892268988213   500892268988213   33
500892268988213   500892268988215   1
500892268988213   500892268988221   1
500892268988213   500892268988277   3
500892268988215   496459594303287   1
500892268988215   496459596416951   2
500892268988215   500892268988183   3
500892268988215   500892268988199   3
500892268988215   500892268988211   4
500892268988215   500892268988213   4
500892268988215   500892268988215   27
500892268988215   500892268988223   2
500892268988215   500892268988279   3
500892268988217   496459594303289   1
500892268988217   496459596416953   1
500892268988217   500892268988185   2
500892268988217   500892268988201   2
500892268988217   500892268988209   5
500892268988217   500892268988217   33
500892268988217   500892268988219   1
500892268988217   500892268988221   1
500892268988217   500892268988281   3
500892268988219   496459594303291   1
500892268988219   496459596416955   2
500892268988219   500892268988187   3
500892268988219   500892268988203   3
500892268988219   500892268988211   4
500892268988219   500892268988217   4
500892268988219   500892268988219   27
500892268988219   500892268988223   2
500892268988219   500892268988283   3
500892268988221   496459594303293   1
500892268988221   496459596416957   2
500892268988221   500892268988189   3
500892268988221   500892268988205   3
500892268988221   500892268988213   4
500892268988221   500892268988217   4
500892268988221   500892268988221   27
500892268988221   500892268988223   2
500892268988221   500892268988285   3
500892268988223   496459594303295   1
500892268988223   496459596416959   3
500892268988223   500892268988191   4
500892268988223   500892268988207   4
500892268988223   500892268988215   3
500892268988223   500892268988219   3
500892268988223   500892268988221   3
500892268988223   500892268988223   25
500892268988223   500892268988287   3
500892268988225   496459594303297   2
500892268988225   500892268988161   2
500892268988225   500892268988225   41
500892268988225   500892268988241   2
500892268988225   500892268988257   2
500892268988227   496459594303299   2
500892268988227   496459596416963   1
500892268988227   500892268988163   3
500892268988227   500892268988225   4
500892268988227   500892268988227   33
500892268988227   500892268988231   1
500892268988227   500892268988235   1
500892268988227   500892268988243   2
500892268988227   500892268988259   2
500892268988229   496459594303301   2
500892268988229   496459596416965   1
500892268988229   500892268988165   3
500892268988229   500892268988225   4
500892268988229   500892268988229   33
500892268988229   500892268988231   1
500892268988229   500892268988237   1
500892268988229   500892268988245   2
500892268988229   500892268988261   2
500892268988231   496459594303303   2
500892268988231   496459596416967   2
500892268988231   500892268988167   4
500892268988231   500892268988227   3
500892268988231   500892268988229   3
500892268988231   500892268988231   29
500892268988231   500892268988239   2
500892268988231   500892268988247   2
500892268988231   500892268988263   2
500892268988233   496459594303305   2
500892268988233   496459596416969   1
500892268988233   500892268988169   3
500892268988233   500892268988225   4
500892268988233   500892268988233   33
500892268988233   500892268988235   1
500892268988233   500892268988237   1
500892268988233   500892268988249   2
500892268988233   500892268988265   2
500892268988235   496459594303307   2
500892268988235   496459596416971   2
500892268988235   500892268988171   4
500892268988235   500892268988227   3
500892268988235   500892268988233   3
500892268988235   500892268988235   29
500892268988235   500892268988239   2
500892268988235   500892268988251   2
500892268988235   500892268988267   2
500892268988237   496459594303309   2
500892268988237   496459596416973   2
500892268988237   500892268988173   4
500892268988237   500892268988229   3
500892268988237   500892268988233   3
500892268988237   500892268988237   29
500892268988237   500892268988239   2
500892268988237   500892268988253   2
500892268988237   500892268988269   2
500892268988239   496459594303311   2
500892268988239   496459596416975   3
500892268988239   500892268988175   5
500892268988239   500892268988231   2
500892268988239   500892268988235   2
500892268988239   500892268988237   2
500892268988239   500892268988239   29
500892268988239   500892268988255   2
500892268988239   500892268988271   2
500892268988241   496459594303313   1
500892268988241   500892268988177   1
500892268988241   500892268988225   1
500892268988241   500892268988241   43
500892268988241   500892268988273   3
500892268988243   496459594303315   1
500892268988243   496459596416979   1
500892268988243   500892268988179   2
500892268988243   500892268988227   2
500892268988243   500892268988241   5
500892268988243   500892268988243   33
500892268988243   500892268988247   1
500892268988243   500892268988251   1
500892268988243   500892268988275   3
500892268988245   496459594303317   1
500892268988245   496459596416981   1
500892268988245   500892268988181   2
500892268988245   500892268988229   2
500892268988245   500892268988241   5
500892268988245   500892268988245   33
500892268988245   500892268988247   1
500892268988245   500892268988253   1
500892268988245   500892268988277   3
500892268988247   496459594303319   1
500892268988247   496459596416983   2
500892268988247   500892268988183   3
500892268988247   500892268988231   3
500892268988247   500892268988243   4
500892268988247   500892268988245   4
500892268988247   500892268988247   27
500892268988247   500892268988255   2
500892268988247   500892268988279   3
500892268988249   496459594303321   1
500892268988249   496459596416985   1
500892268988249   500892268988185   2
500892268988249   500892268988233   2
500892268988249   500892268988241   5
500892268988249   500892268988249   33
500892268988249   500892268988251   1
500892268988249   500892268988253   1
500892268988249   500892268988281   3
500892268988251   496459594303323   1
500892268988251   496459596416987   2
500892268988251   500892268988187   3
500892268988251   500892268988235   3
500892268988251   500892268988243   4
500892268988251   500892268988249   4
500892268988251   500892268988251   27
500892268988251   500892268988255   2
500892268988251   500892268988283   3
500892268988253   496459594303325   1
500892268988253   496459596416989   2
500892268988253   500892268988189   3
500892268988253   500892268988237   3
500892268988253   500892268988245   4
500892268988253   500892268988249   4
500892268988253   500892268988253   27
500892268988253   500892268988255   2
500892268988253   500892268988285   3
500892268988255   496459594303327   1
500892268988255   496459596416991   3
500892268988255   500892268988191   4
500892268988255   500892268988239   4
500892268988255   500892268988247   3
500892268988255   500892268988251   3
500892268988255   500892268988253   3
500892268988255   500892268988255   25
500892268988255   500892268988287   3
500892268988257   496459594303329   1
500892268988257   500892268988193   1
500892268988257   500892268988225   1
500892268988257   500892268988257   43
500892268988257   500892268988273   3
500892268988259   496459594303331   1
500892268988259   496459596416995   1
500892268988259   500892268988195   2
500892268988259   500892268988227   2
500892268988259   500892268988257   5
500892268988259   500892268988259   33
500892268988259   500892268988263   1
500892268988259   500892268988267   1
500892268988259   500892268988275   3
500892268988261   496459594303333   1
500892268988261   496459596416997   1
500892268988261   500892268988197   2
500892268988261   500892268988229   2
500892268988261   500892268988257   5
500892268988261   500892268988261   33
500892268988261   500892268988263   1
500892268988261   500892268988269   1
500892268988261   500892268988277   3
500892268988263   496459594303335   1
500892268988263   496459596416999   2
500892268988263   500892268988199   3
500892268988263   500892268988231   3
500892268988263   500892268988259   4
500892268988263   500892268988261   4
500892268988263   500892268988263   27
500892268988263   500892268988271   2
500892268988263   500892268988279   3
500892268988265   496459594303337   1
500892268988265   496459596417001   1
500892268988265   500892268988201   2
500892268988265   500892268988233   2
500892268988265   500892268988257   5
500892268988265   500892268988265   33
500892268988265   500892268988267   1
500892268988265   500892268988269   1
500892268988265   500892268988281   3
500892268988267   496459594303339   1
500892268988267   496459596417003   2
500892268988267   500892268988203   3
500892268988267   500892268988235   3
500892268988267   500892268988259   4
500892268988267   500892268988265   4
500892268988267   500892268988267   27
500892268988267   500892268988271   2
500892268988267   500892268988283   3
500892268988269   496459594303341   1
500892268988269   496459596417005   2
500892268988269   500892268988205   3
500892268988269   500892268988237   3
500892268988269   500892268988261   4
500892268988269   500892268988265   4
500892268988269   500892268988269   27
500892268988269   500892268988271   2
500892268988269   500892268988285   3
500892268988271   496459594303343   1
500892268988271   496459596417007   3
500892268988271   500892268988207   4
500892268988271   500892268988239   4
500892268988271   500892268988263   3
500892268988271   500892268988267   3
500892268988271   500892268988269   3
500892268988271   500892268988271   25
500892268988271   500892268988287   3
500892268988273   500892268988273   49
500892268988275   496459596417011   1
500892268988275   500892268988211   1
500892268988275   500892268988243   1
500892268988275   500892268988259   1
500892268988275   500892268988273   6
500892268988275   500892268988275   37
500892268988275   500892268988279   1
500892268988275   500892268988283   1
500892268988277   496459596417013   1
500892268988277   500892268988213   1
500892268988277   500892268988245   1
500892268988277   500892268988261   1
500892268988277   500892268988273   6
500892268988277   500892268988277   37
500892268988277   500892268988279   1
500892268988277   500892268988285   1
500892268988279   496459596417015   2
500892268988279   500892268988215   2
500892268988279   500892268988247   2
500892268988279   500892268988263   2
500892268988279   500892268988275   5
500892268988279   500892268988277   5
500892268988279   500892268988279   29
500892268988279   500892268988287   2
500892268988281   496459596417017   1
500892268988281   500892268988217   1
500892268988281   500892268988249   1
500892268988281   500892268988265   1
500892268988281   500892268988273   6
500892268988281   500892268988281   37
500892268988281   500892268988283   1
500892268988281   500892268988285   1
500892268988283   496459596417019   2
500892268988283   500892268988219   2
500892268988283   500892268988251   2
500892268988283   500892268988267   2
500892268988283   500892268988275   5
500892268988283   500892268988281   5
500892268988283   500892268988283   29
500892268988283   500892268988287   2
500892268988285   496459596417021   2
500892268988285   500892268988221   2
500892268988285   500892268988253   2
500892268988285   500892268988269   2
500892268988285   500892268988277   5
500892268988285   500892268988281   5
500892268988285   500892268988285   29
500892268988285   500892268988287   2
500892268988287   496459596417023   3
500892268988287   500892268988223   3
500892268988287   500892268988255   3
500892268988287   500892268988271   3
500892268988287   500892268988279   4
500892268988287   500892268988283   4
500892268988287   500892268988285   4
500892268988287   500892268988287   25
