2.000000 1.000000 0.066658 0.000060
3.000000 2.000000 0.057786 0.000060
2.000000 3.000000 0.054282 0.000048
3.000000 1.000000 0.053426 0.000047
4.000000 3.000000 0.029412 0.000038
3.000000 4.000000 0.039448 0.000047
4.000000 2.000000 0.030528 0.000036
2.000000 4.000000 0.037299 0.000039
4.000000 1.000000 0.026457 0.000033
5.000000 4.000000 0.011074 0.000022
4.000000 5.000000 0.019372 0.000032
5.000000 3.000000 0.012115 0.000022
3.000000 5.000000 0.028685 0.000047
5.000000 2.000000 0.011540 0.000022
2.000000 5.000000 0.024582 0.000042
5.000000 1.000000 0.009203 0.000017
6.000000 5.000000 0.003439 0.000013
5.000000 6.000000 0.007217 0.000018
6.000000 4.000000 0.003876 0.000011
4.000000 6.000000 0.014608 0.000019
6.000000 3.000000 0.003953 0.000009
3.000000 6.000000 0.020646 0.000033
6.000000 2.000000 0.003411 0.000010
2.000000 6.000000 0.016689 0.000028
6.000000 1.000000 0.002473 0.000009
7.000000 6.000000 0.000968 0.000006
6.000000 7.000000 0.002218 0.000011
7.000000 5.000000 0.001112 0.000007
5.000000 7.000000 0.005575 0.000012
7.000000 4.000000 0.001180 0.000006
4.000000 7.000000 0.011100 0.000019
7.000000 3.000000 0.001091 0.000008
3.000000 7.000000 0.015262 0.000023
7.000000 2.000000 0.000855 0.000005
2.000000 7.000000 0.011896 0.000023
7.000000 1.000000 0.000559 0.000006
8.000000 7.000000 0.000256 0.000004
7.000000 8.000000 0.000609 0.000006
8.000000 6.000000 0.000303 0.000005
6.000000 8.000000 0.001720 0.000009
8.000000 5.000000 0.000325 0.000004
5.000000 8.000000 0.004227 0.000015
8.000000 4.000000 0.000327 0.000004
4.000000 8.000000 0.008395 0.000017
8.000000 3.000000 0.000273 0.000006
3.000000 8.000000 0.011590 0.000032
8.000000 2.000000 0.000188 0.000003
2.000000 8.000000 0.008874 0.000032
8.000000 1.000000 0.000116 0.000003
9.000000 8.000000 0.000073 0.000002
8.000000 9.000000 0.000168 0.000005
9.000000 7.000000 0.000080 0.000002
7.000000 9.000000 0.000476 0.000007
9.000000 6.000000 0.000091 0.000002
6.000000 9.000000 0.001321 0.000011
9.000000 5.000000 0.000088 0.000002
5.000000 9.000000 0.003260 0.000014
9.000000 4.000000 0.000081 0.000002
4.000000 9.000000 0.006521 0.000025
9.000000 3.000000 0.000058 0.000003
3.000000 9.000000 0.009005 0.000037
9.000000 2.000000 0.000041 0.000001
2.000000 9.000000 0.006894 0.000024
9.000000 1.000000 0.000022 0.000001
