2.000000 1.000000 0.090862 0.000054
3.000000 2.000000 0.144028 0.000055
2.000000 3.000000 0.154241 0.000085
3.000000 1.000000 0.117806 0.000051
4.000000 3.000000 0.145515 0.000094
3.000000 4.000000 0.157076 0.000046
4.000000 2.000000 0.139533 0.000073
2.000000 4.000000 0.161467 0.000069
4.000000 1.000000 0.123202 0.000083
5.000000 4.000000 0.136575 0.000070
4.000000 5.000000 0.147744 0.000082
5.000000 3.000000 0.135218 0.000066
3.000000 5.000000 0.157669 0.000063
5.000000 2.000000 0.131112 0.000062
2.000000 5.000000 0.164260 0.000058
5.000000 1.000000 0.120248 0.000065
6.000000 5.000000 0.125832 0.000049
5.000000 6.000000 0.135876 0.000066
6.000000 4.000000 0.125797 0.000070
4.000000 6.000000 0.146897 0.000057
6.000000 3.000000 0.124854 0.000081
3.000000 6.000000 0.157262 0.000075
6.000000 2.000000 0.121874 0.000068
2.000000 6.000000 0.164697 0.000058
6.000000 1.000000 0.114011 0.000085
7.000000 6.000000 0.115367 0.000070
6.000000 7.000000 0.124408 0.000078
7.000000 5.000000 0.115698 0.000057
5.000000 7.000000 0.134640 0.000072
7.000000 4.000000 0.115696 0.000056
4.000000 7.000000 0.145583 0.000112
7.000000 3.000000 0.114812 0.000095
3.000000 7.000000 0.155851 0.000076
7.000000 2.000000 0.112689 0.000072
2.000000 7.000000 0.163849 0.000094
7.000000 1.000000 0.106986 0.000061
8.000000 7.000000 0.105912 0.000085
7.000000 8.000000 0.114072 0.000092
8.000000 6.000000 0.106296 0.000063
6.000000 8.000000 0.123432 0.000093
8.000000 5.000000 0.106600 0.000118
5.000000 8.000000 0.133535 0.000062
8.000000 4.000000 0.106518 0.000080
4.000000 8.000000 0.144124 0.000104
8.000000 3.000000 0.105663 0.000099
3.000000 8.000000 0.154198 0.000120
8.000000 2.000000 0.104063 0.000079
2.000000 8.000000 0.162335 0.000110
8.000000 1.000000 0.099664 0.000052
9.000000 8.000000 0.097649 0.000081
8.000000 9.000000 0.104912 0.000134
9.000000 7.000000 0.097975 0.000085
7.000000 9.000000 0.113211 0.000106
9.000000 6.000000 0.098307 0.000069
6.000000 9.000000 0.122330 0.000106
9.000000 5.000000 0.098295 0.000096
5.000000 9.000000 0.131909 0.000108
9.000000 4.000000 0.098253 0.000108
4.000000 9.000000 0.142225 0.000057
9.000000 3.000000 0.097672 0.000099
3.000000 9.000000 0.152138 0.000061
9.000000 2.000000 0.096274 0.000105
2.000000 9.000000 0.160617 0.000104
9.000000 1.000000 0.093267 0.000123
10.000000 9.000000 0.089654 0.000170
9.000000 10.000000 0.097304 0.000306
10.000000 8.000000 0.090810 0.000444
8.000000 10.000000 0.103610 0.000346
10.000000 7.000000 0.090590 0.000543
7.000000 10.000000 0.112356 0.000295
10.000000 6.000000 0.090462 0.000378
6.000000 10.000000 0.121290 0.000372
10.000000 5.000000 0.091462 0.000476
5.000000 10.000000 0.130628 0.000517
10.000000 4.000000 0.091118 0.000100
4.000000 10.000000 0.140528 0.000390
10.000000 3.000000 0.090206 0.000173
3.000000 10.000000 0.149544 0.000351
10.000000 2.000000 0.089832 0.000514
2.000000 10.000000 0.159760 0.000405
10.000000 1.000000 0.086136 0.000285
11.000000 10.000000 0.083084 0.000153
10.000000 11.000000 0.089874 0.000235
11.000000 9.000000 0.084296 0.000336
9.000000 11.000000 0.096246 0.000302
11.000000 8.000000 0.084892 0.000716
8.000000 11.000000 0.104792 0.000376
11.000000 7.000000 0.084832 0.000389
7.000000 11.000000 0.110760 0.000255
11.000000 6.000000 0.083994 0.000159
6.000000 11.000000 0.119164 0.000718
11.000000 5.000000 0.084706 0.000263
5.000000 11.000000 0.128614 0.000393
11.000000 4.000000 0.084342 0.000421
4.000000 11.000000 0.138222 0.000364
11.000000 3.000000 0.083582 0.000240
3.000000 11.000000 0.147944 0.000507
11.000000 2.000000 0.082836 0.000309
2.000000 11.000000 0.155904 0.000396
11.000000 1.000000 0.081508 0.000312
12.000000 11.000000 0.078058 0.000471
11.000000 12.000000 0.082704 0.000443
12.000000 10.000000 0.078312 0.000281
10.000000 12.000000 0.088914 0.000339
12.000000 9.000000 0.078788 0.000168
9.000000 12.000000 0.095874 0.000327
12.000000 8.000000 0.079366 0.000330
8.000000 12.000000 0.102688 0.000183
12.000000 7.000000 0.079288 0.000338
7.000000 12.000000 0.110490 0.000324
12.000000 6.000000 0.078796 0.000469
6.000000 12.000000 0.118956 0.000420
12.000000 5.000000 0.079110 0.000465
5.000000 12.000000 0.127228 0.000223
12.000000 4.000000 0.078964 0.000278
4.000000 12.000000 0.138536 0.000518
12.000000 3.000000 0.078196 0.000430
3.000000 12.000000 0.147074 0.000302
12.000000 2.000000 0.077830 0.000140
2.000000 12.000000 0.154738 0.000220
12.000000 1.000000 0.076300 0.000352
13.000000 12.000000 0.073072 0.000649
12.000000 13.000000 0.077810 0.000196
13.000000 11.000000 0.073292 0.000260
11.000000 13.000000 0.083598 0.000266
13.000000 10.000000 0.073184 0.000187
10.000000 13.000000 0.088522 0.000372
13.000000 9.000000 0.073420 0.000274
9.000000 13.000000 0.094860 0.000562
13.000000 8.000000 0.073386 0.000459
8.000000 13.000000 0.101914 0.000424
13.000000 7.000000 0.073428 0.000394
7.000000 13.000000 0.109780 0.000367
13.000000 6.000000 0.072926 0.000214
6.000000 13.000000 0.117268 0.000447
13.000000 5.000000 0.073608 0.000334
5.000000 13.000000 0.127026 0.000266
13.000000 4.000000 0.073586 0.000063
4.000000 13.000000 0.134582 0.000407
13.000000 3.000000 0.072910 0.000294
3.000000 13.000000 0.144628 0.000419
13.000000 2.000000 0.072748 0.000292
2.000000 13.000000 0.152936 0.000193
13.000000 1.000000 0.071620 0.000166
14.000000 13.000000 0.068608 0.000287
13.000000 14.000000 0.072183 0.000248
14.000000 12.000000 0.068747 0.000392
12.000000 14.000000 0.076398 0.000306
14.000000 11.000000 0.068667 0.000211
11.000000 14.000000 0.081583 0.000395
14.000000 10.000000 0.068890 0.000541
10.000000 14.000000 0.088670 0.000550
14.000000 9.000000 0.068483 0.000393
9.000000 14.000000 0.094202 0.000286
14.000000 8.000000 0.068950 0.000488
8.000000 14.000000 0.100960 0.000169
14.000000 7.000000 0.069108 0.000252
7.000000 14.000000 0.108595 0.000515
14.000000 6.000000 0.068903 0.000317
6.000000 14.000000 0.116597 0.000934
14.000000 5.000000 0.069130 0.000212
5.000000 14.000000 0.124583 0.000545
14.000000 4.000000 0.068577 0.000310
4.000000 14.000000 0.133540 0.000549
14.000000 3.000000 0.069062 0.000348
3.000000 14.000000 0.142288 0.000252
14.000000 2.000000 0.068280 0.000359
2.000000 14.000000 0.152347 0.000322
14.000000 1.000000 0.067340 0.000405
