2.000000 1.000000 0.220533 0.000093
1.000000 2.000000 0.538395 0.000104
3.000000 2.000000 0.174769 0.000076
2.000000 3.000000 0.306956 0.000102
3.000000 1.000000 0.175165 0.000037
1.000000 3.000000 0.630017 0.000083
4.000000 3.000000 0.161627 0.000080
3.000000 4.000000 0.245886 0.000076
4.000000 2.000000 0.151323 0.000060
2.000000 4.000000 0.380546 0.000149
4.000000 1.000000 0.160792 0.000099
1.000000 4.000000 0.716457 0.000104
5.000000 4.000000 0.155475 0.000060
4.000000 5.000000 0.221434 0.000067
5.000000 3.000000 0.141331 0.000083
3.000000 5.000000 0.298192 0.000101
5.000000 2.000000 0.138460 0.000082
2.000000 5.000000 0.452371 0.000089
5.000000 1.000000 0.148266 0.000069
1.000000 5.000000 0.778153 0.000094
6.000000 5.000000 0.151526 0.000076
5.000000 6.000000 0.208195 0.000091
6.000000 4.000000 0.135662 0.000064
4.000000 6.000000 0.261616 0.000107
6.000000 3.000000 0.127407 0.000082
3.000000 6.000000 0.352045 0.000103
6.000000 2.000000 0.127149 0.000075
2.000000 6.000000 0.514402 0.000097
6.000000 1.000000 0.133992 0.000061
1.000000 6.000000 0.819386 0.000084
7.000000 6.000000 0.147993 0.000078
6.000000 7.000000 0.199896 0.000079
7.000000 5.000000 0.131629 0.000085
5.000000 7.000000 0.241342 0.000087
7.000000 4.000000 0.120539 0.000073
4.000000 7.000000 0.302857 0.000068
7.000000 3.000000 0.115471 0.000089
3.000000 7.000000 0.401359 0.000113
7.000000 2.000000 0.115710 0.000061
2.000000 7.000000 0.565513 0.000118
7.000000 1.000000 0.120309 0.000076
1.000000 7.000000 0.847784 0.000092
8.000000 7.000000 0.144739 0.000114
7.000000 8.000000 0.193239 0.000113
8.000000 6.000000 0.128085 0.000056
6.000000 8.000000 0.228426 0.000103
8.000000 5.000000 0.115562 0.000081
5.000000 8.000000 0.275232 0.000095
8.000000 4.000000 0.108174 0.000074
4.000000 8.000000 0.342795 0.000115
8.000000 3.000000 0.104845 0.000051
3.000000 8.000000 0.445669 0.000121
8.000000 2.000000 0.105068 0.000070
2.000000 8.000000 0.607581 0.000128
8.000000 1.000000 0.108271 0.000070
1.000000 8.000000 0.868249 0.000106
9.000000 8.000000 0.141789 0.000097
8.000000 9.000000 0.188033 0.000086
9.000000 7.000000 0.124963 0.000073
7.000000 9.000000 0.218927 0.000111
9.000000 6.000000 0.111894 0.000108
6.000000 9.000000 0.257379 0.000130
9.000000 5.000000 0.103038 0.000056
5.000000 9.000000 0.308086 0.000096
9.000000 4.000000 0.097561 0.000057
4.000000 9.000000 0.379723 0.000098
9.000000 3.000000 0.095537 0.000111
3.000000 9.000000 0.484931 0.000176
9.000000 2.000000 0.095926 0.000082
2.000000 9.000000 0.642279 0.000145
9.000000 1.000000 0.098020 0.000070
1.000000 9.000000 0.883725 0.000119
