2.000000 1.000000 0.270361 0.000097
3.000000 2.000000 0.122981 0.000075
2.000000 3.000000 0.158172 0.000058
3.000000 1.000000 0.159305 0.000081
4.000000 3.000000 0.067818 0.000044
3.000000 4.000000 0.088573 0.000061
4.000000 2.000000 0.079187 0.000047
2.000000 4.000000 0.132164 0.000075
4.000000 1.000000 0.099523 0.000074
5.000000 4.000000 0.041633 0.000043
4.000000 5.000000 0.054635 0.000056
5.000000 3.000000 0.045923 0.000042
3.000000 5.000000 0.078506 0.000053
5.000000 2.000000 0.052664 0.000038
2.000000 5.000000 0.113874 0.000049
5.000000 1.000000 0.065146 0.000062
6.000000 5.000000 0.027295 0.000039
5.000000 6.000000 0.035880 0.000038
6.000000 4.000000 0.029101 0.000047
4.000000 6.000000 0.050171 0.000053
6.000000 3.000000 0.031776 0.000036
3.000000 6.000000 0.070654 0.000050
6.000000 2.000000 0.035908 0.000024
2.000000 6.000000 0.100251 0.000064
6.000000 1.000000 0.044061 0.000042
7.000000 6.000000 0.018782 0.000034
6.000000 7.000000 0.024570 0.000025
7.000000 5.000000 0.019605 0.000037
5.000000 7.000000 0.033740 0.000037
7.000000 4.000000 0.020692 0.000042
4.000000 7.000000 0.046531 0.000048
7.000000 3.000000 0.022413 0.000030
3.000000 7.000000 0.064507 0.000054
7.000000 2.000000 0.025110 0.000030
2.000000 7.000000 0.089628 0.000073
7.000000 1.000000 0.030662 0.000042
8.000000 7.000000 0.013360 0.000026
7.000000 8.000000 0.017450 0.000038
8.000000 6.000000 0.013723 0.000032
6.000000 8.000000 0.023464 0.000033
8.000000 5.000000 0.014278 0.000030
5.000000 8.000000 0.031867 0.000039
8.000000 4.000000 0.015002 0.000026
4.000000 8.000000 0.043425 0.000042
8.000000 3.000000 0.016055 0.000032
3.000000 8.000000 0.059286 0.000050
8.000000 2.000000 0.017849 0.000036
2.000000 8.000000 0.081267 0.000062
8.000000 1.000000 0.021818 0.000034
9.000000 8.000000 0.009781 0.000025
8.000000 9.000000 0.012667 0.000021
9.000000 7.000000 0.009990 0.000033
7.000000 9.000000 0.016959 0.000047
9.000000 6.000000 0.010176 0.000025
6.000000 9.000000 0.022593 0.000041
9.000000 5.000000 0.010459 0.000016
5.000000 9.000000 0.030432 0.000037
9.000000 4.000000 0.010880 0.000030
4.000000 9.000000 0.040904 0.000085
9.000000 3.000000 0.011677 0.000046
3.000000 9.000000 0.054970 0.000058
9.000000 2.000000 0.012955 0.000029
2.000000 9.000000 0.074225 0.000098
9.000000 1.000000 0.015751 0.000044
10.000000 9.000000 0.007146 0.000112
9.000000 10.000000 0.009634 0.000183
10.000000 8.000000 0.007274 0.000080
8.000000 10.000000 0.012128 0.000086
10.000000 7.000000 0.007476 0.000078
7.000000 10.000000 0.016090 0.000190
10.000000 6.000000 0.007600 0.000103
6.000000 10.000000 0.021906 0.000177
10.000000 5.000000 0.007530 0.000099
5.000000 10.000000 0.028706 0.000150
10.000000 4.000000 0.008046 0.000122
4.000000 10.000000 0.038090 0.000335
10.000000 3.000000 0.008520 0.000114
3.000000 10.000000 0.051276 0.000152
10.000000 2.000000 0.009400 0.000123
2.000000 10.000000 0.068640 0.000511
10.000000 1.000000 0.011306 0.000130
11.000000 10.000000 0.005638 0.000133
10.000000 11.000000 0.007138 0.000114
11.000000 9.000000 0.005556 0.000049
9.000000 11.000000 0.009098 0.000097
11.000000 8.000000 0.005664 0.000048
8.000000 11.000000 0.012296 0.000070
11.000000 7.000000 0.005658 0.000092
7.000000 11.000000 0.016050 0.000249
11.000000 6.000000 0.005710 0.000124
6.000000 11.000000 0.020950 0.000153
11.000000 5.000000 0.005982 0.000119
5.000000 11.000000 0.027616 0.000161
11.000000 4.000000 0.006080 0.000093
4.000000 11.000000 0.036084 0.000217
11.000000 3.000000 0.006352 0.000176
3.000000 11.000000 0.048496 0.000241
11.000000 2.000000 0.006882 0.000077
2.000000 11.000000 0.064084 0.000199
11.000000 1.000000 0.008798 0.000161
12.000000 11.000000 0.004380 0.000050
11.000000 12.000000 0.005542 0.000078
12.000000 10.000000 0.004324 0.000074
10.000000 12.000000 0.007018 0.000150
12.000000 9.000000 0.004262 0.000046
9.000000 12.000000 0.009066 0.000129
12.000000 8.000000 0.004276 0.000117
8.000000 12.000000 0.012066 0.000105
12.000000 7.000000 0.004258 0.000102
7.000000 12.000000 0.015598 0.000139
12.000000 6.000000 0.004386 0.000074
6.000000 12.000000 0.020518 0.000097
12.000000 5.000000 0.004436 0.000106
5.000000 12.000000 0.026554 0.000088
12.000000 4.000000 0.004566 0.000073
4.000000 12.000000 0.034538 0.000239
12.000000 3.000000 0.004826 0.000018
3.000000 12.000000 0.045272 0.000214
12.000000 2.000000 0.005448 0.000072
2.000000 12.000000 0.058466 0.000369
12.000000 1.000000 0.006596 0.000080
13.000000 12.000000 0.003274 0.000039
12.000000 13.000000 0.004346 0.000062
13.000000 11.000000 0.003146 0.000113
11.000000 13.000000 0.005528 0.000050
13.000000 10.000000 0.003310 0.000108
10.000000 13.000000 0.007250 0.000119
13.000000 9.000000 0.003360 0.000038
9.000000 13.000000 0.008986 0.000111
13.000000 8.000000 0.003282 0.000082
8.000000 13.000000 0.011906 0.000120
13.000000 7.000000 0.003162 0.000078
7.000000 13.000000 0.015292 0.000148
13.000000 6.000000 0.003436 0.000068
6.000000 13.000000 0.020024 0.000214
13.000000 5.000000 0.003364 0.000092
5.000000 13.000000 0.026074 0.000203
13.000000 4.000000 0.003450 0.000030
4.000000 13.000000 0.033056 0.000263
13.000000 3.000000 0.003692 0.000056
3.000000 13.000000 0.042960 0.000240
13.000000 2.000000 0.004114 0.000066
2.000000 13.000000 0.054948 0.000254
13.000000 1.000000 0.004978 0.000114
14.000000 13.000000 0.002720 0.000029
13.000000 14.000000 0.003512 0.000130
14.000000 12.000000 0.002633 0.000023
12.000000 14.000000 0.004265 0.000077
14.000000 11.000000 0.002577 0.000027
11.000000 14.000000 0.005567 0.000041
14.000000 10.000000 0.002500 0.000088
10.000000 14.000000 0.007020 0.000121
14.000000 9.000000 0.002485 0.000047
9.000000 14.000000 0.009020 0.000101
14.000000 8.000000 0.002703 0.000125
8.000000 14.000000 0.011413 0.000138
14.000000 7.000000 0.002488 0.000071
7.000000 14.000000 0.015030 0.000143
14.000000 6.000000 0.002538 0.000053
6.000000 14.000000 0.019405 0.000270
14.000000 5.000000 0.002618 0.000092
5.000000 14.000000 0.024440 0.000088
14.000000 4.000000 0.002658 0.000063
4.000000 14.000000 0.031378 0.000146
14.000000 3.000000 0.002830 0.000073
3.000000 14.000000 0.041218 0.000344
14.000000 2.000000 0.003227 0.000077
2.000000 14.000000 0.051778 0.000169
14.000000 1.000000 0.003783 0.000054
