2.650985905338317128e+00
1.940655943229180336e+00
6.928544819605356262e-04
6.301428373806097164e-04
5.919467112639383586e-04
5.673099743491544179e-04
5.511642046907913725e-04
5.408166921490155724e-04
5.346967274961969422e-04
5.318222353632123638e-04
5.315428156702135289e-04
5.334037109584100931e-04
5.370682532032813958e-04
5.422710009494801720e-04
5.487881711893631727e-04
5.564184767953119296e-04
5.649706248231580906e-04
5.742553327218357295e-04
5.840805690022169306e-04
5.942491892363483070e-04
6.045583976877777228e-04
6.148006124803320586e-04
6.247653981138594778e-04
6.342421812754448808e-04
6.430235002473983549e-04
6.509085640093282372e-04
6.577069196472591509e-04
6.632420487930674362e-04
6.673547368994176736e-04
6.699060836394791921e-04
6.707800484452647793e-04
6.698854516477391200e-04
6.671573781528021855e-04
6.625579563087343827e-04
6.560765088394790272e-04
6.477290947593291725e-04
6.375574804921718425e-04
6.256275945790790247e-04
6.120275331116163892e-04
5.968651922671425539e-04
5.802656100821759148e-04
5.623681020435019511e-04
5.433232744738412945e-04
5.232899963931308962e-04
5.024324049609526057e-04
4.809170121993371658e-04
4.589099719205134379e-04
4.365745560970954670e-04
4.140688797451087593e-04
3.915439031383047578e-04
3.691417301830726650e-04
3.469942123502744546e-04
3.252218589188552518e-04
3.039330466127384547e-04
2.832235151268750026e-04
2.631761296066239381e-04
2.438608868850753754e-04
2.253351391719432941e-04
2.076440068669683310e-04
1.908209511545918755e-04
1.748884769188605471e-04
1.598589371784129448e-04
1.457354115539753877e-04
1.325126331162146951e-04
1.201779401940658018e-04
1.087122322334334101e-04
9.809091147371993657e-05
8.828479495692527631e-05
7.926098411611826457e-05
7.098368183562510489e-05
6.341494937681574134e-05
5.651539787674133647e-05
5.024481122046843301e-05
4.456269894158196385e-05
3.942877940894666013e-05
3.480339491010546314e-05
3.064786134861318924e-05
2.692475614595091197e-05
2.359814859470678054e-05
2.063377736790838045e-05
1.799918017126882596e-05
1.566378065323927228e-05
1.359893768492169578e-05
1.177796201036992192e-05
1.017610506882398098e-05
8.770524523745905099e-06
7.540230717152342868e-06
6.466017917723297627e-06
5.530383861518229399e-06
4.717440706808301514e-06
4.012820149432568788e-06
3.403575080407317532e-06
2.878079817687526451e-06
2.425930627117919020e-06
2.037847871327097343e-06
1.705581404755774585e-06
1.421816659631088527e-06
1.180106787986319140e-06
9.746599105815838445e-07
8.011511925548631530e-07
