1.510101651863413330e-01
3.625878772245846177e-02
1.541204849539989062e-02
8.622051744783615357e-03
5.612178202128002488e-03
4.006111549518258722e-03
3.038767720156517697e-03
2.405058717259714145e-03
1.963771266174807462e-03
1.641992687306791879e-03
1.398805641096454279e-03
1.209696368418101704e-03
1.059185948519457236e-03
9.370701269960039076e-04
8.363761376968479591e-04
7.521928010048438851e-04
6.809703026338698216e-04
6.200848774132738939e-04
5.675591400323303816e-04
5.218771789408281018e-04
4.818591745008198360e-04
4.465744528635421685e-04
4.152799757523956093e-04
3.873760376533247254e-04
3.623738367160641996e-04
3.398713870511327340e-04
3.195353870896303918e-04
3.010874043826129113e-04
2.842932313665826548e-04
2.689545998429477875e-04
2.549026702597530745e-04
2.419928706903829482e-04
2.301007723749749409e-04
2.191187686487146356e-04
2.089533818582207199e-04
1.995230650785488125e-04
1.907563966012645938e-04
1.825905883853546241e-04
1.749702471259215739e-04
1.678463398402279313e-04
1.611753259962051021e-04
1.549184260079529364e-04
1.490410019731896899e-04
1.435120312528731913e-04
1.383036572070649129e-04
1.333908043376912816e-04
1.287508474241673363e-04
1.243633261051493150e-04
1.202096978605193182e-04
1.162731235599854884e-04
1.125382807285119010e-04
1.089912004808340828e-04
1.056191247339924148e-04
1.024103808466928769e-04
9.935427127992698673e-05
9.644097624250175986e-05
9.366146759216790346e-05
9.100743251926055109e-05
8.847120575431117236e-05
8.604570922132281745e-05
8.372439821027828264e-05
8.150121327082986101e-05
7.937053713794376374e-05
7.732715609278683526e-05
7.536622524100345733e-05
7.348323725793115741e-05
7.167399420804996938e-05
6.993458209557060917e-05
6.826134784577157126e-05
6.665087845355701442e-05
6.509998206758249649e-05
6.360567080593698675e-05
6.216514512336093171e-05
6.077577957088728172e-05
5.943510980700162212e-05
5.814082073534593276e-05
5.689073565793457282e-05
5.568280634506173212e-05
5.451510393384516843e-05
5.338581057678170547e-05
5.229321177004143972e-05
5.123568929858491911e-05
5.021171474168871729e-05
4.921984348826617618e-05
4.825870921636050281e-05
4.732701879616804137e-05
4.642354757868712487e-05
4.554713503930812120e-05
4.469668073918135385e-05
4.387114059624004094e-05
4.306952338818067258e-05
4.229088760695047386e-05
4.153433854571859831e-05
4.079901743161015807e-05
4.008430178740701277e-05
3.938578553558663432e-05
3.875588846798476813e-05
3.739734811810531379e-05
5.955426051823071940e-17
5.820378392255917974e-17
