1.987059241071669507e-05
1.953504771807867621e-03
6.310675855683248181e-02
5.745441809393856541e-02
3.039309085122972320e-02
1.785796370256971868e-02
7.166763151163215231e-03
2.314777517230434765e-03
1.756573142841659062e-03
1.779474557874228657e-03
6.715327728681295960e-04
4.849389791956731921e-04
2.749844533033536566e-04
1.265541687103139974e-04
1.080159991592351683e-04
7.790162358515462162e-05
4.386950259191687890e-05
2.321819061551882573e-05
1.866245657240635225e-05
1.120744765762301986e-05
4.455193381465846682e-06
2.486984298806770162e-06
1.397666349956092448e-06
6.902690588799484065e-07
3.408799603812612089e-07
4.075783044067060885e-07
1.193576286517402398e-07
1.181043061300148275e-07
1.775483629681695103e-08
3.526413635378630703e-08
8.146345752863736491e-09
1.456761013208774211e-08
6.111451143923714832e-09
3.980762933978216937e-10
1.815476818981913258e-09
-5.337534720715071592e-10
1.490402869535147561e-09
1.305505872050951553e-10
8.276915310760601866e-10
-2.805970960404740601e-11
3.947525036244916463e-10
-7.824289852648489715e-11
1.310881597633214034e-10
7.712987285156305998e-12
1.914990628801920711e-11
2.039845995470607918e-11
-5.160003768243830674e-12
1.189541192018988092e-11
-4.613411983475071380e-12
5.403888326768501801e-12
-2.911771914096411038e-12
3.140173148568293075e-12
-2.145640467511727790e-12
1.839604011486998444e-12
-1.070197005159627432e-12
6.904032964473083962e-13
-4.254601000686531573e-13
3.433027517698776575e-13
-2.648797878580391573e-13
2.745607406756221679e-13
-2.929505452957534705e-13
3.372068559851663803e-13
-3.794347164302150654e-13
4.163166094625536638e-13
-4.346897332767179965e-13
4.336356628717271401e-13
-4.113298711748961722e-13
3.719871213414905353e-13
-3.206203032453742412e-13
2.643225793870339665e-13
-2.088473671973318408e-13
1.587499478337867188e-13
-1.164708815506248555e-13
8.278038052163645353e-14
-5.717147520875752706e-14
3.849126475679458810e-14
-2.532592061824779817e-14
1.632940863856112153e-14
-1.033953286209502098e-14
6.443994691182346262e-15
-3.960531694759287158e-15
2.405212547504745614e-15
-1.445656034312553900e-15
8.614556791186583558e-16
-5.095357994358202485e-16
2.995722639841411064e-16
-1.751872469313011464e-16
1.019913769902652052e-16
-5.912437124943644675e-17
3.413591442030364163e-17
-1.962288205729796286e-17
1.122641413082308699e-17
-6.385243253404230435e-18
3.605434739452870067e-18
-2.014978033135851971e-18
1.108668171855588391e-18
-5.928251414044489972e-19
2.976955886536472226e-19
-1.274214800352767064e-19
3.247963356087930429e-20
