2.908835144565010467e+00
1.742734716971848341e+00
4.634841039995731232e-04
3.434622449075835785e-04
2.696574073092312886e-04
2.249292315501989509e-04
1.993048034495751826e-04
1.861845413447060327e-04
1.810039127637411919e-04
1.805984067979146028e-04
1.828102173109176260e-04
1.862040868383730077e-04
1.898538718129196804e-04
1.931861533525158292e-04
1.958708244920255494e-04
1.977474860533271601e-04
1.987762174225039195e-04
1.990029573218303049e-04
1.985326771080767093e-04
1.975066802375319004e-04
1.960828732829980907e-04
1.944193338165217709e-04
1.926619688873542214e-04
1.909367944104773719e-04
1.893467407036863331e-04
1.879722346315273237e-04
1.868743481520225515e-04
1.860991353272504177e-04
1.856818980846346135e-04
1.856504491413356003e-04
1.860268725480779229e-04
1.868277146368665345e-04
1.880628906672550263e-04
1.897338183733820625e-04
1.918313758286927385e-04
1.943342421353830328e-04
1.972080482703993825e-04
2.004055830547592752e-04
2.038681060790681712e-04
2.075276487574702919e-04
2.113100588223739817e-04
2.151384728633753268e-04
2.189368854388969588e-04
2.226335130382912605e-04
2.261637129240146732e-04
2.294722951114379871e-04
2.325151460259596134e-04
2.352601533856824045e-04
2.376874764073221913e-04
2.397892406358372020e-04
2.415687534060771647e-04
2.430393377197483139e-04
2.442228742027470782e-04
2.451481281135155558e-04
2.458489257131064930e-04
2.463622349287580035e-04
2.467262007348669972e-04
2.469781860172933852e-04
2.471528725587669338e-04
2.472804820436946783e-04
2.473851812059166223e-04
2.474837362283402844e-04
2.475844776564024071e-04
2.476866276668690005e-04
2.477800267221062064e-04
2.478452774624516786e-04
2.478543018119315012e-04
2.477712847286001638e-04
2.475539569221223450e-04
2.471551510812227152e-04
2.465245531667945695e-04
2.456105630271860729e-04
2.443621772511290601e-04
2.427308114668490669e-04
2.406719884012147156e-04
2.381468307540380777e-04
2.351233129546341093e-04
2.315772417609237893e-04
2.274929511656394523e-04
2.228637111483024202e-04
2.176918617104252102e-04
2.119886929299693483e-04
2.057740983501026781e-04
1.990760330175137612e-04
1.919298092421724570e-04
1.843772631184267049e-04
1.764658235276455982e-04
1.682475132179826012e-04
1.597779090424998832e-04
1.511150858496472212e-04
1.423185660648629270e-04
1.334482947791930125e-04
1.245636581525643013e-04
1.157225612566779751e-04
1.069805787709453499e-04
9.839019743593707722e-05
9.000011567463342464e-05
8.185492821078455331e-05
7.399291583993172999e-05
6.645761067835161400e-05
