2.861142614568278564e+00
2.010006872063877292e+00
1.623121749678361320e-04
1.443484030597109676e-04
1.331958345513544427e-04
1.258672711159434902e-04
1.209940205872272903e-04
1.178612645237313853e-04
1.160643623826198618e-04
1.153630080199656728e-04
1.156111625819136182e-04
1.167200116730917811e-04
1.186367677017791214e-04
1.213316645458073880e-04
1.247894526284642645e-04
1.290034991450221200e-04
1.339714729174399451e-04
1.396920449011164250e-04
1.461622799832829240e-04
1.533755334286132123e-04
1.613197450399042198e-04
1.699760708975321351e-04
1.793178198715772768e-04
1.893096774853493416e-04
1.999072075340111170e-04
2.110566248005099068e-04
2.226948319722636032e-04
2.347497115946658400e-04
2.471406604120101485e-04
2.597793493398106810e-04
2.725706880382474978e-04
2.854139689647485390e-04
2.982041621441759542e-04
3.108333289103564130e-04
3.231921206868066093e-04
3.351713275788238688e-04
3.466634411872668254e-04
3.575641966269748413e-04
3.677740602025550377e-04
3.771996314912108225e-04
3.857549316096190177e-04
3.933625530819007728e-04
3.999546508461459117e-04
4.054737583967287710e-04
4.098734177149145216e-04
4.131186163496490234e-04
4.151860296397712202e-04
4.160640704953794513e-04
4.157527532714520228e-04
4.142633819798390905e-04
4.116180763238232263e-04
4.078491517494744274e-04
4.029983718563751255e-04
3.971160930822459963e-04
3.902603225745148634e-04
3.824957106058908649e-04
3.738924988134263456e-04
3.645254449858772311e-04
3.544727441461220457e-04
3.438149643343293071e-04
3.326340138580780427e-04
3.210121549042465705e-04
3.090310763704572973e-04
2.967710366353627479e-04
2.843100848075005610e-04
2.717233668271896909e-04
2.590825206943040229e-04
2.464551630992421988e-04
2.339044678803475048e-04
2.214888350463593890e-04
2.092616476078747981e-04
1.972711121709212084e-04
1.855601781657126032e-04
1.741665297156271691e-04
1.631226434912794415e-04
1.524559054336118650e-04
1.421887789557912962e-04
1.323390171310045494e-04
1.229199114244470701e-04
1.139405697138606925e-04
1.054062166440906066e-04
9.731850975727707187e-05
8.967586531180446680e-05
8.247378823110112546e-05
7.570520119006633720e-05
6.936076843597274450e-05
6.342921053746507145e-05
5.789760684682035809e-05
5.275168303586681592e-05
4.797608161562985239e-05
4.355461386645211974e-05
3.947049208330848124e-05
3.570654147621746759e-05
3.224539145542526525e-05
2.906964637412431498e-05
2.616203609774425773e-05
2.350554701919576464e-05
2.108353434556089272e-05
1.887981664597966749e-05
1.687875377576636302e-05
1.506530938135753730e-05
1.342509924804765263e-05
1.194442678123436554e-05
1.061030691573229351e-05
9.410479730221804785e-06
8.333415008555071632e-06
7.368308939740392092e-06
6.505074087040890838e-06
5.734323686574229088e-06
5.047351259633392243e-06
4.436106442929243471e-06
3.893167859063578964e-06
3.411713767477377130e-06
2.985491155314451918e-06
2.608783849272842101e-06
2.276380154525566297e-06
1.983540455903247184e-06
1.725965150272828755e-06
1.499763217775774501e-06
1.301421683511632603e-06
1.127776170445246238e-06
9.759826987460841709e-07
8.434908463148639472e-07
7.280183497227992833e-07
6.275271939342643080e-07
5.402012127153511761e-07
4.644251992316040982e-07
3.987655076741371880e-07
3.419521114827750005e-07
2.928620715166224262e-07
2.505043580221615642e-07
2.140059631441246301e-07
1.825992357084347840e-07
1.556103667916044406e-07
1.324489529100800794e-07
1.125985632709720248e-07
9.560823819972162863e-08
8.108484740027950314e-08
6.868623893099573685e-08
5.811511253749381321e-08
4.911355413521929649e-08
4.145817166080204477e-08
3.495577611192544493e-08
2.943955528505029177e-08
2.476569142850841497e-08
2.081037769751179640e-08
1.746719188134923460e-08
1.464478933539609780e-08
1.226488036426102725e-08
1.026046044772173872e-08
8.574264664788140144e-09
7.157420445421101209e-09
5.968275360771443529e-09
4.971379051600612226e-09
4.136600594059580252e-09
3.438364617801195122e-09
2.854991330803283170e-09
2.368127276887958405e-09
1.962255165220182734e-09
1.624272476085291755e-09
1.343129774278440657e-09
1.109520760829303969e-09
9.156170757359691500e-10
7.548417388177542265e-10
6.216758922580379056e-10
5.114941959727676388e-10
4.204248341699308857e-10
3.452306263725450801e-10
2.832082062095613568e-10
2.321026433134951311e-10
1.900352440172262865e-10
1.554425809860778705e-10
1.270250757019714789e-10
1.037036955835167868e-10
8.458353376036965865e-11
6.892321796590436729e-11
5.610924910774272409e-11
4.563450288622932974e-11
3.708024208002613794e-11
3.010108521779379011e-11
2.441246143545349941e-11
1.978015325523801272e-11
1.601159046238259680e-11
1.294861063995399210e-11
1.046144651157611481e-11
8.443738133193444348e-12
6.808400122498466100e-12
5.484201345542159262e-12
4.412937510186932148e-12
3.547096563496023338e-12
2.847933187364292887e-12
2.283882491490756675e-12
1.829254607963631603e-12
1.463161633594008248e-12
1.168636531925665372e-12
9.319104440480357072e-13
7.418205373291097269e-13
5.893258213455589549e-13
4.671039131198994056e-13
3.693369363413309662e-13
