3.312250282226768316e+00
6.019924853620153282e-01
2.496355301014903434e-05
3.102601198060607300e-05
3.435887616977225187e-05
4.378522185485875880e-05
5.539199789702864619e-05
5.910680074471071804e-05
6.346950584316135590e-05
6.635018941182492904e-05
6.470811047806580070e-05
6.136966561830197321e-05
5.798895658578872436e-05
5.383217881245648214e-05
4.785309591932750470e-05
4.159142047801045786e-05
3.734591301861744526e-05
3.590249380910390091e-05
3.691147517392886330e-05
3.951735626354066272e-05
4.231546332936382548e-05
4.363065592216989840e-05
4.227867403859778824e-05
3.863631900356073002e-05
3.466487551453830112e-05
3.265981381566845985e-05
3.390639675188501144e-05
3.800375316227273061e-05
4.307335071646378391e-05
4.678310778289392709e-05
4.765355621543871040e-05
4.579247428540758348e-05
4.258637076859684320e-05
3.970113191248438576e-05
3.817146571195123258e-05
3.810428081008070025e-05
3.897698626604741568e-05
4.012903001573120794e-05
4.105323957084565270e-05
4.142352634839578988e-05
4.107319986367781786e-05
4.006990168233175804e-05
3.878017677043968755e-05
3.774655502687067587e-05
3.739559276071738596e-05
3.779831661052596360e-05
3.867844060040549628e-05
3.964920276385827452e-05
4.047978556853111347e-05
4.120406853307410694e-05
4.204129539906362157e-05
4.323294571734404490e-05
4.491185168794071056e-05
4.704878777467682503e-05
4.946189215628621816e-05
5.186395391502433773e-05
5.393530332239995041e-05
5.541250004103677961e-05
5.617220688863617026e-05
5.628094101714008164e-05
5.598556747995353132e-05
5.563743476969659280e-05
5.556998383487489219e-05
5.597457290914548817e-05
5.682710219143982281e-05
5.789962759690857428e-05
5.885328976285717552e-05
5.937217699979872897e-05
5.928237267164996119e-05
5.861217932885042165e-05
5.757790209774303006e-05
5.650802436876221143e-05
5.573595377509612744e-05
5.549581557588992086e-05
5.585054840500827650e-05
5.667083914546275656e-05
5.766986629647258554e-05
5.848431519980294897e-05
5.877901336054699712e-05
5.834422689004864200e-05
5.715508510154019211e-05
5.537385022387607828e-05
5.329533416915337147e-05
5.125628894277844098e-05
4.954208828011826297e-05
4.832287538788901024e-05
4.763745855877321301e-05
4.742330527619087856e-05
4.757387298794395794e-05
4.799688568001717959e-05
4.865082206707531121e-05
4.954877229234412378e-05
5.073315134771178519e-05
5.223573791675956770e-05
5.404145624444874887e-05
5.607063090804662801e-05
5.818545779294264590e-05
6.021634756105232020e-05
6.199687867560179570e-05
6.339480389944306322e-05
6.433050847502232996e-05
6.478077657043499144e-05
6.477128548338196375e-05
6.436371306966357148e-05
6.364257962833758044e-05
6.270441346034555201e-05
6.164934447020221898e-05
6.057389814071206840e-05
5.956369651738939740e-05
5.868549899232933372e-05
5.797902094195138791e-05
5.744993412805488817e-05
5.706613620820546638e-05
5.675945633302222190e-05
5.643413779792402698e-05
5.598173165457583794e-05
5.529999330056574154e-05
5.431188219912964807e-05
5.298054954167944619e-05
5.131737231921866516e-05
4.938208078476637761e-05
4.727592814316181134e-05
4.512996358945294733e-05
4.309062757661552833e-05
4.130443479316027976e-05
3.990298297580643591e-05
3.898930096511046112e-05
3.862666455114579438e-05
3.883121836945359058e-05
3.956971969306274749e-05
4.076325664406425223e-05
4.229689608316657427e-05
4.403409012206136277e-05
4.583362932238170914e-05
4.756629341836686545e-05
4.912834488524786417e-05
5.044970240513952254e-05
5.149588324273178161e-05
5.226428973763686361e-05
5.277670441661106462e-05
5.307055556546226506e-05
5.319140908923886981e-05
5.318829219760163126e-05
5.311217103246049481e-05
5.301663390336518530e-05
5.295899278836849948e-05
5.299986008775418319e-05
5.319980413620655309e-05
5.361273834392200709e-05
5.427692019094819252e-05
5.520546078846245785e-05
5.637877497846539480e-05
5.774127952998450844e-05
5.920389210516087739e-05
6.065268023613021547e-05
6.196265438075787405e-05
6.301452272080703158e-05
6.371150700127352481e-05
6.399321909809544242e-05
6.384412678168165025e-05
6.329516061940596895e-05
6.241829643410896022e-05
6.131521193550662496e-05
6.010210646255096869e-05
5.889330794268156095e-05
5.778629753459673123e-05
5.685030317794284691e-05
5.611979236488524170e-05
5.559323766415373244e-05
5.523664981745264553e-05
5.499073989743429622e-05
5.478026540379947674e-05
5.452412014023401920e-05
5.414495430556998682e-05
5.357743883315979811e-05
5.277461273122877180e-05
5.171201757601191686e-05
5.038952376712416955e-05
4.883091327982481771e-05
4.708142855952038265e-05
4.520363113407052988e-05
4.327201735334527076e-05
4.136688518526327417e-05
3.956792175709813498e-05
3.794790121430157765e-05
3.656678790856010059e-05
3.546648104251698619e-05
3.466644734650217729e-05
3.416056536792552218e-05
3.391560462095659622e-05
3.387181397138705913e-05
3.394602521764466006e-05
3.403744961169892508e-05
3.403596900603746036e-05
3.383226727331118023e-05
3.332871922815084195e-05
3.244966858517063925e-05
3.114968978313052608e-05
2.941843600604840265e-05
2.728401411343789470e-05
