2.952634422200534736e+00
2.039447084378830599e+00
1.700245064358594323e-04
1.494321144803292844e-04
1.362150059794513864e-04
1.270533145978125814e-04
1.204108366401718900e-04
1.154703292829310448e-04
1.117546400103405562e-04
1.089663581794364007e-04
1.069112111137262932e-04
1.054580118593995630e-04
1.045161893296683983e-04
1.040224393387342578e-04
1.039324003022404320e-04
1.042152349205828824e-04
1.048499604662512353e-04
1.058228659083385259e-04
1.071256227616461002e-04
1.087538486648038309e-04
1.107059722156450985e-04
1.129823021436417407e-04
1.155842382083034615e-04
1.185135834174845250e-04
1.217719318986404457e-04
1.253601167456485819e-04
1.292777090339759978e-04
1.335225639481728960e-04
1.380904132254838067e-04
1.429745052909200031e-04
1.481652958087175157e-04
1.536501920850638864e-04
1.594133549580667236e-04
1.654355616023309552e-04
1.716941321372075747e-04
1.781629221281822090e-04
1.848123820713331949e-04
1.916096838081113459e-04
1.985189125853467672e-04
2.055013222038898130e-04
2.125156494360295112e-04
2.195184826805940425e-04
2.264646787050079448e-04
2.333078203302505404e-04
2.400007070768533457e-04
2.464958701310410085e-04
2.527461025267763845e-04
2.587049951822543753e-04
2.643274693822745495e-04
2.695702964585967756e-04
2.743925957806622024e-04
2.787563027154089587e-04
2.826265989290937261e-04
2.859722982639272882e-04
2.887661824027514651e-04
2.909852816085805910e-04
2.926110969639894848e-04
2.936297617090672437e-04
2.940321404574542134e-04
2.938138662305569298e-04
2.929753163650331352e-04
2.915215293951939042e-04
2.894620659701908861e-04
2.868108177191587972e-04
2.835857687128246125e-04
2.798087147780658254e-04
2.755049463967445926e-04
2.707029012596246539e-04
2.654337927513899013e-04
2.597312207178902239e-04
2.536307708186147434e-04
2.471696086052451845e-04
2.403860742021170650e-04
2.333192831091324441e-04
2.260087382158180460e-04
2.184939576211161088e-04
2.108141223117009197e-04
2.030077471765310713e-04
1.951123782409369960e-04
1.871643184029804670e-04
1.791983833602970536e-04
1.712476888381340978e-04
1.633434696784716365e-04
1.555149308341847580e-04
1.477891298378963792e-04
1.401908898877219126e-04
1.327427423152947471e-04
1.254648968776508314e-04
1.183752380448043449e-04
1.114893452390190297e-04
1.048205348186575570e-04
9.837992148692501502e-05
9.217649674087840411e-05
8.621722195517890464e-05
8.050713371415722591e-05
7.504945906042763014e-05
6.984573841389785044e-05
6.489595402685337461e-05
6.019866197413960930e-05
5.575112582772748476e-05
5.154945032772882604e-05
4.758871353308867210e-05
4.386309611090429309e-05
4.036600660014112127e-05
3.709020166035740461e-05
3.402790048623255479e-05
3.117089273194543022e-05
2.851063944389535223e-05
2.603836664441108725e-05
2.374515134183463036e-05
2.162199986291857374e-05
1.965991851137710111e-05
1.784997665150016310e-05
1.618336239804771517e-05
1.465143116346963370e-05
1.324574737131259759e-05
1.195811969109070566e-05
1.078063018564231385e-05
9.705657787887712938e-06
8.725896540818271427e-06
7.834369043399106198e-06
7.024435546779888662e-06
6.289799140701752567e-06
5.624507460161073117e-06
5.022951328105694110e-06
4.479860732014059420e-06
3.990298511405261155e-06
3.549652110351966968e-06
3.153623724557421637e-06
2.798219147085522642e-06
2.479735590905657248e-06
2.194748740472522535e-06
1.940099258982279886e-06
1.712878953046369055e-06
1.510416772561922542e-06
1.330264800738723476e-06
1.170184367724156815e-06
1.028132401162900169e-06
9.022481084112381371e-07
7.908400680367468185e-07
6.923737926827172803e-07
6.054598113480201880e-07
5.288423065909654276e-07
4.613883310569077083e-07
4.020776179871034465e-07
3.499929919136902810e-07
3.043113784983155965e-07
2.642954063408025042e-07
2.292855884777266817e-07
1.986930671166263744e-07
1.719929018185609226e-07
1.487178787608933786e-07
1.284528167979182048e-07
1.108293447078553588e-07
9.552112319415765483e-08
8.223948482559498823e-08
7.072946508723519888e-08
6.076619801286626493e-08
5.215165042383102428e-08
4.471166956040765925e-08
3.829331981584077033e-08
3.276248533108482869e-08
2.800171634627145985e-08
2.390829840338316596e-08
2.039252472832288757e-08
1.737615336807818578e-08
1.479103190205519324e-08
1.257787377112858554e-08
1.068517146157209327e-08
9.068232934360934081e-09
7.688328796137034788e-09
6.511938761084043366e-09
5.510086949411331752e-09
4.657756505845920694e-09
3.933374899421503737e-09
3.318362083868491977e-09
2.796734456794586343e-09
2.354758257001515720e-09
1.980646684623080056e-09
1.664295620597184968e-09
1.397053362890263902e-09
1.171520289662633304e-09
9.813748071032741027e-10
8.212223449334101887e-10
6.864645285439906287e-10
5.731859863169157530e-10
4.780565467338255882e-10
3.982468451493751725e-10
3.313555972277668099e-10
2.753470075071124534e-10
2.284969697174178692e-10
1.893468825372438758e-10
1.566640524834612362e-10
1.294077864911460339e-10
1.067003922026788413e-10
8.780240581657195215e-11
7.209145476940396531e-11
5.904427015415846482e-11
4.822099814024942633e-11
3.925719918616408666e-11
