2.549388534863563205e+00
2.370539536344069553e+00
2.551199746838750545e-04
2.915931871559424753e-04
3.393262691889692754e-04
3.959896809298613985e-04
4.599730717860224614e-04
5.298215906965622829e-04
6.040632627151692330e-04
6.811657068561021485e-04
7.595448202746699290e-04
8.375964877572178837e-04
9.137380755057858536e-04
9.864525129339714142e-04
1.054330532625210020e-03
1.116108167187186175e-03
1.170697613789947094e-03
1.217210342654795633e-03
1.254971946781896497e-03
1.283528743682756145e-03
1.302646557826662218e-03
1.312302438741497993e-03
1.312670306924593102e-03
1.304101672277081445e-03
1.287102644501960302e-03
1.262308460951643571e-03
1.230456705670903653e-03
1.192360295758883694e-03
1.148881179835166758e-03
1.100905540102591887e-03
1.049321125073480196e-03
9.949971739470900908e-04
9.387672337855889433e-04
8.814150232188146510e-04
8.236633658930530297e-04
7.661661061299679691e-04
7.095028296901849212e-04
6.541761443075375104e-04
6.006112269271422516e-04
5.491573157206030772e-04
5.000908127975279768e-04
4.536196655836251018e-04
4.098887084429230485e-04
3.689856686416557205e-04
3.309475696679102844e-04
2.957672979351598898e-04
2.634001339877686939e-04
2.337700847824846417e-04
2.067758880554165552e-04
1.822965921301938940e-04
1.601966440090701481e-04
1.403304447126129057e-04
1.225463533268895174e-04
1.066901400067078975e-04
9.260790335342296547e-05
8.014847933978554834e-05
6.916537758170718535e-05
5.951828660246626215e-05
5.107419317312119538e-05
4.370816222624386099e-05
3.730382360237205079e-05
3.175361035229953691e-05
2.695879080574793742e-05
2.282933341455984768e-05
1.928363973414030407e-05
1.624817702902894240e-05
1.365703804766317462e-05
1.145145164230673698e-05
9.579264214987588658e-06
7.994408522597730248e-06
6.656373222792819426e-06
5.529683714986191752e-06
4.583402338654828292e-06
3.790653832126366943e-06
3.128180116640302110e-06
2.575926933115323910e-06
2.116663598156703932e-06
1.735636133957911305e-06
1.420253235171760134e-06
1.159803935826036353e-06
9.452054031671533546e-07
7.687789868024491102e-07
6.240524666440400504e-07
5.055863502693727933e-07
4.088220502280086192e-07
3.299498078540465930e-07
2.657943080099893340e-07
2.137160368744259441e-07
1.715265624537125867e-07
1.374160568768501307e-07
1.098915243036943817e-07
8.772434345354899165e-08
6.990587558228186818e-08
5.561002446811672285e-08
4.416176272566442741e-08
3.501075736074357685e-08
2.770933626016383849e-08
2.189413606321231627e-08
1.727086069111364487e-08
1.360165906036157171e-08
1.069470068447648478e-08
8.395589593476571863e-09
6.580310950525433282e-09
5.149451626948115330e-09
4.023476516010744535e-09
3.138877208518822685e-09
2.445039471585329263e-09
1.901701375100244967e-09
1.476895459422902740e-09
1.145286542719731365e-09
8.868320861384142560e-10
6.857048787230554849e-10
5.294285332132650503e-10
4.081852158256124834e-10
3.142624441365827164e-10
2.416119165201841095e-10
1.854983901647824111e-10
1.422207787844343461e-10
1.088910458921322823e-10
8.325925218543862909e-11
6.357538360516678914e-11
4.848043020499852942e-11
3.692068063135258041e-11
2.808040571060034524e-11
2.132907965873967615e-11
1.618007203653857955e-11
1.225837345860065684e-11
9.275422565526863421e-12
7.009504925777916904e-12
5.290515989038982116e-12
3.988135964524418022e-12
3.002667540156441222e-12
2.257948216878169103e-12
1.695876208307911940e-12
1.272189198981794179e-12
9.532142687366582542e-13
7.133693884246180544e-13
5.332456011804942305e-13
3.981371383493142789e-13
2.969165199216724801e-13
2.211749346619683381e-13
1.645662943793564923e-13
1.223074241956703920e-13
9.079776522444166270e-14
6.733041980896420716e-14
4.987290606134922075e-14
3.690103418855180682e-14
2.727320556824076651e-14
2.013542727815345923e-14
1.484963287643836336e-14
1.093966269298797266e-14
8.050606441878283267e-15
5.918242736681453077e-15
4.346097701472263511e-15
3.188245188693265880e-15
2.336427993595392088e-15
1.710426652640914499e-15
1.250865874684207052e-15
9.138482850431995637e-16
6.669562118055315147e-16
4.862763720503441048e-16
3.541884269671186700e-16
2.577232569596782823e-16
1.873456274174703095e-16
1.360525996051789747e-16
9.870656884514691203e-17
7.154244168414596714e-17
5.180390333328382459e-17
3.747526695680453944e-17
2.708401101209597493e-17
1.955553329509060218e-17
1.410643240560117031e-17
1.016618353063237514e-17
7.319716716171390613e-18
5.265365125700580900e-18
3.784102462782705067e-18
2.717062992916153417e-18
1.949131608872179890e-18
1.396977556780348248e-18
1.000337669553245674e-18
7.156732969616408338e-19
5.115593137528706463e-19
3.653356750808186143e-19
2.606782972077467830e-19
1.858386444558728528e-19
1.323692190390701144e-19
9.420175838583210143e-20
6.698119337690438436e-20
4.758487912720892179e-20
3.377590095727750544e-20
2.395330836668122390e-20
1.697235199363463566e-20
1.201522777193238170e-20
8.498226190483744191e-21
6.005096342405330218e-21
4.239268532005599867e-21
2.989630333802194481e-21
2.106034788088886411e-21
1.481777166275975915e-21
1.041278936211407724e-21
