3.422666651918976562e+13
1.979109882678736328e+12
5.052660166006928306e-03
6.796259588001923434e-04
1.124340581447835855e-04
2.171799850879693893e-05
4.741803260433892240e-06
1.144660444319333013e-06
3.006728156545698553e-07
8.491395739146142965e-08
2.554301893765317899e-08
8.123326795060508470e-09
2.714719595712344229e-09
9.485465226465964274e-10
3.450619595903680009e-10
1.302197685321846761e-10
5.082228474902945958e-11
2.045799061214330512e-11
8.473906620159313063e-12
3.604277435893244676e-12
1.571341248497659427e-12
7.010206762031140684e-13
3.195678736989280543e-13
1.486601977124413147e-13
7.048681813657820513e-14
3.402774086753671482e-14
1.670872745834493916e-14
8.337776388448066277e-15
4.224751726214262386e-15
2.172095094971782474e-15
1.132407363318884829e-15
5.983213666056047681e-16
3.202498766869926538e-16
1.736008651987693984e-16
9.530363104822864830e-17
5.300200985708683391e-17
2.988400776585733939e-17
1.710720543914631506e-17
9.966345631568851066e-18
5.929575789575480209e-18
3.619913365518843052e-18
2.280779723519964426e-18
1.492392793938197842e-18
1.019650932726534895e-18
7.296982227188090081e-19
5.468070067035023145e-19
4.274488306090570805e-19
3.463942775733130126e-19
2.888947313978732292e-19
2.462485051651111212e-19
2.132666749531937760e-19
1.868141663565361814e-19
1.649642936852147260e-19
1.465059186007939556e-19
1.306547156352589939e-19
1.168833286422592417e-19
1.048211589170914028e-19
9.419511119481674329e-20
8.479449883239642416e-20
7.645021073459631439e-20
6.902228226967906665e-20
6.239239353390059466e-20
5.645923096776962890e-20
5.113549119860599181e-20
4.634581105880564399e-20
4.202521096193717832e-20
3.811782050438892663e-20
3.457576312273148498e-20
3.135813962972575104e-20
2.843008594443637660e-20
2.576189905776436834e-20
2.332823390272337359e-20
2.110737651190808778e-20
1.908059828099892189e-20
1.723159397765634057e-20
1.554600337105471450e-20
1.401101362796122347e-20
1.261503727392639290e-20
1.134745872023873492e-20
1.019844115896078133e-20
9.158785005771310341e-21
8.219828955936265682e-21
7.373385022415111757e-21
6.611699548830296098e-21
5.927433037575280472e-21
5.313652616579250363e-21
4.763832010759648226e-21
4.271854923005031401e-21
3.832018715529974739e-21
3.439036179871596757e-21
3.088033969126683283e-21
2.774546926472361182e-21
2.494508075826318280e-21
2.244234447211464095e-21
2.020409200041353891e-21
1.820060695052781724e-21
1.640539265260777509e-21
1.479492464434767175e-21
1.334839544489803650e-21
1.204745846250492085e-21
1.087597695142132901e-21
9.819782864152937556e-22
8.866449332814904476e-22
8.005079433959934457e-22
7.226112899327995297e-22
6.521151566154898713e-22
5.882803634151518567e-22
5.304546217839224959e-22
4.780605248129865267e-22
4.305851474083337247e-22
3.875711128227063723e-22
3.486089727864961544e-22
3.133307471063047187e-22
2.814044730901002520e-22
2.525296238285395143e-22
2.264332657584144814e-22
2.028668388554534182e-22
1.816034563029407877e-22
1.624356338503864316e-22
1.451733718127034359e-22
1.296425244412289667e-22
1.156834020406680535e-22
1.031495606356685498e-22
9.190674220997954989e-23
8.183193560522321912e-23
7.281253416252257006e-23
6.474557122250491559e-23
5.753701877694049634e-23
5.110113799591825012e-23
4.535987313893901904e-23
4.024228258872059243e-23
3.568400250530081704e-23
3.162673995815372548e-23
2.801779341965681636e-23
2.480959925068853197e-23
2.195930332781461539e-23
1.942835729485746989e-23
1.718213910773521897e-23
1.518959761368670310e-23
1.342292089340341503e-23
1.185722802222282404e-23
1.047028379568061258e-23
9.242235833116549251e-24
8.155373335096028784e-24
7.193906637452273019e-24
6.343766585236699713e-24
5.592422649676790416e-24
4.928718634017944334e-24
4.342724761567018671e-24
3.825604911464031142e-24
3.369497763516653716e-24
2.967410630720691058e-24
2.613124794082017586e-24
2.301111205876194101e-24
2.026455491191220202e-24
1.784791250173770652e-24
1.572240741689571829e-24
1.385362110244354381e-24
1.221102399481896257e-24
1.076755675270109450e-24
9.499256576139644479e-25
8.384923321168409004e-25
7.405820775598902124e-25
6.545409058446144551e-25
5.789104638159913662e-25
5.124064933776275453e-25
4.538994870570367657e-25
4.023973111633191817e-25
3.570295983946479804e-25
3.170337367582077229e-25
2.817423025499755710e-25
2.505718024956228333e-25
2.230126045430393266e-25
1.986199487476500423e-25
1.770059396769976357e-25
1.578324301956812166e-25
1.408047137278504542e-25
1.256659484237014665e-25
1.121922423119071051e-25
1.001883336825190327e-25
8.948380574837296582e-26
7.992977917203326998e-26
7.139603038132378369e-26
6.376848776557296266e-26
5.694706186295559338e-26
5.084376951918482304e-26
4.538111571229679523e-26
4.049070028535540211e-26
3.611202019442159228e-26
3.219144104917681758e-26
2.868131468652584596e-26
2.553922226424756524e-26
2.272732488775996011e-26
2.021180608636737718e-26
1.796239253938523363e-26
1.595194132205077584e-26
1.415608360618438659e-26
1.255291622089821844e-26
1.112273376858506341e-26
9.847795113622514563e-27
8.712119031738868085e-27
7.701304640662134950e-27
6.802372943051949375e-27
6.003626414632782662e-27
5.294524077299436754e-27
4.665569921982471890e-27
4.108212899344428408e-27
3.614756990568991760e-27
3.178280111695432099e-27
2.792560805540666337e-27
2.452011837160122947e-27
2.151619944249779265e-27
1.886891101733123883e-27
1.653800750224129037e-27
1.448748511679448341e-27
1.268516972661248355e-27
1.110234173108405203e-27
9.713394638312776978e-28
8.495524590890724460e-28
7.428447910562388267e-28
6.494144766005521916e-28
5.676626040348596196e-28
4.961722573816825652e-28
4.336893215975401151e-28
3.791052635312061904e-28
3.314413442510339628e-28
2.898347005241686005e-28
2.535253041549216129e-28
2.218449525811336941e-28
1.942062906719238794e-28
1.700945548957247851e-28
1.490578146188908792e-28
1.307017084893656857e-28
1.146796644788345075e-28
1.006915546780292723e-28
8.847186466464881903e-29
7.779433441261047836e-29
6.845473484106818337e-29
6.028520877153974840e-29
5.312661936967175990e-29
4.685793198490423476e-29
4.135225856018704038e-29
3.652573693598304386e-29
3.227609024389205680e-29
2.854364354787235403e-29
2.525616038356001631e-29
2.234674834626371510e-29
1.981607651578397857e-29
1.749857596297325482e-29
1.561492605731770394e-29
1.364205473312663424e-29
1.243812952827525298e-29
1.044430651675983696e-29
1.021265179171595504e-29
7.532055594295245095e-30
9.034810732938389008e-30
4.449994333538962577e-30
9.130747350945292463e-30
7.963660030400485673e-31
1.047054532963053274e-29
-3.006933484301928439e-30
1.133471945602483889e-29
-3.320078359014733566e-30
4.543230985230701073e-30
1.229270913616033966e-29
-3.056575788040598716e-29
7.690738824506546923e-29
-1.481924652776709712e-28
2.864733628205476887e-28
-5.418819122763447717e-28
1.082538782173240446e-27
-2.295190073380873890e-27
5.180259240273366697e-27
-1.214572272737901888e-26
2.891656266433876048e-26
-6.864948672599845494e-26
1.608789897503271649e-25
-3.703226110963630967e-25
8.358916972519667232e-25
-1.850063916246619373e-24
4.017935283350722775e-24
-8.570828220867629760e-24
1.797509078012469655e-23
-3.709486039983435480e-23
7.537531016845846684e-23
-1.508668594116244105e-22
2.974925752563769962e-22
-5.778718144009874058e-22
1.105347269068766215e-21
-2.080625306252955251e-21
3.850372553201531440e-21
-6.996426934961908807e-21
1.246370204422703904e-20
-2.173350154032572694e-20
3.706907010954184611e-20
-6.204326840694610395e-20
1.036463366267325066e-19
-1.829233609126760338e-19
3.889599617336666281e-19
8.713304464246034840e-18
