3.761365453073798992e+00
2.416832958318444025e+00
2.829938092777092577e-05
2.376159213136672376e-05
2.078665299440404649e-05
1.865681436687239783e-05
1.704156040839934467e-05
1.576540201489091579e-05
1.472567961087051168e-05
1.385794733994536395e-05
1.311951261109482495e-05
1.248086873739571325e-05
1.192091191438206977e-05
1.142411675929618872e-05
1.097878984186028702e-05
1.057594740267436913e-05
1.020857020135007933e-05
9.871094629398461371e-06
9.559056533680780144e-06
9.268836466329755881e-06
8.997473928865304415e-06
8.742529552517891393e-06
8.501981218217485376e-06
8.274144616597206683e-06
8.057611678204924327e-06
7.851202252719288960e-06
7.653925736403993077e-06
7.464950257171470780e-06
7.283577663801760726e-06
7.109223018356051899e-06
6.941397616411635963e-06
6.779694796864583300e-06
6.623777977666010206e-06
6.473370483770320040e-06
6.328246831133293317e-06
6.188225204488340592e-06
6.053160923026154406e-06
5.922940731446125604e-06
5.797477787362430121e-06
5.676707242099845718e-06
5.560582332255806103e-06
5.449070915345540850e-06
5.342152395372689065e-06
5.239814994028753563e-06
5.142053330995571371e-06
5.048866282949134654e-06
4.960255095686109416e-06
4.876221727586150759e-06
4.796767405597126671e-06
4.721891377256036048e-06
4.651589844070639657e-06
4.585855062994091676e-06
4.524674603814871475e-06
4.468030751127204541e-06
4.415900040200625341e-06
4.368252916577633324e-06
4.325053509633146239e-06
4.286259510659130358e-06
4.251822146316942121e-06
4.221686238548011693e-06
4.195790342265957793e-06
4.174066952382277783e-06
4.156442771952078546e-06
4.142839033473069586e-06
4.133171865634467899e-06
4.127352698095701815e-06
4.125288697179171286e-06
4.126883225687300174e-06
4.132036320400843128e-06
4.140645181181514183e-06
4.152604665985450984e-06
4.167807786492082320e-06
4.186146199463013636e-06
4.207510689364041286e-06
4.231791638207612252e-06
4.258879478999018917e-06
4.288665129594616434e-06
4.321040404200849546e-06
4.355898400155855969e-06
4.393133858038042073e-06
4.432643493535697343e-06
4.474326299885829900e-06
4.518083820047062165e-06
4.563820388108614278e-06
4.611443339753596949e-06
4.660863191888801534e-06
4.711993791823994475e-06
4.764752436630498651e-06
4.819059963531461379e-06
4.874840812374286630e-06
4.932023061409427002e-06
4.990538437749449987e-06
5.050322304008484063e-06
5.111313622725482188e-06
5.173454900256246929e-06
5.236692111879654784e-06
5.300974609904300266e-06
5.366255016583890367e-06
5.432489103654711619e-06
5.499635660297403443e-06
5.567656351299746139e-06
5.636515567158428602e-06
5.706180267807331867e-06
5.776619821598979031e-06
5.847805841095947292e-06
5.919712017151377617e-06
5.992313952673695275e-06
6.065588997381189180e-06
6.139516084758610063e-06
6.214075572331289243e-06
6.289249086273465684e-06
6.365019371267565118e-06
6.441370146430779551e-06
6.518285968025215161e-06
6.595752099568963474e-06
6.673754389868082550e-06
6.752279159394325200e-06
6.831313095340955214e-06
6.910843155599637412e-06
6.990856481815365197e-06
7.071340321594212674e-06
7.152281959860470699e-06
7.233668659285814970e-06
7.315487609643574718e-06
7.397725885876252306e-06
7.480370414604215733e-06
7.563407948748039263e-06
7.646825049886470712e-06
7.730608077926413185e-06
7.814743187620787029e-06
7.899216331434560679e-06
7.984013268228811106e-06
8.069119577207155178e-06
8.154520676548617796e-06
8.240201846135507935e-06
8.326148253774441605e-06
8.412344984303280604e-06
8.498777070975805558e-06
8.585429528520263266e-06
8.672287387276363186e-06
8.759335727828658938e-06
8.846559715571616596e-06
8.933944634663430133e-06
9.021475920851206110e-06
9.109139192679609719e-06
9.196920280627841009e-06
9.284805253755981904e-06
9.372780443480743464e-06
9.460832464142315232e-06
9.548948230067904941e-06
9.637114968883464368e-06
9.725320230872412373e-06
9.813551894228784162e-06
9.901798166101524650e-06
9.990047579376263017e-06
1.007828898519058230e-05
1.016651154122780890e-05
1.025470469588263970e-05
1.034285816843870757e-05
1.043096192544351789e-05
1.051900615350909918e-05
1.060698122880744806e-05
1.069487768356759627e-05
1.078268616991570130e-05
1.087039742143095173e-05
1.095800221281732573e-05
1.104549131811507325e-05
1.113285546789498103e-05
1.122008530589385174e-05
1.130717134556016370e-05
1.139410392698536438e-05
1.148087317469778568e-05
1.156746895679362947e-05
1.165388084587214345e-05
1.174009808223057939e-05
1.182610953975882307e-05
1.191190369495357052e-05
1.199746859944842097e-05
1.208279185642874591e-05
1.216786060126966958e-05
1.225266148670161334e-05
1.233718067277156442e-05
1.242140382182920669e-05
1.250531609872618347e-05
1.258890217637428367e-05
1.267214624676435620e-05
1.275503203750302060e-05
1.283754283387900014e-05
1.291966150642542660e-05
1.300137054389919675e-05
1.308265209155407313e-05
1.316348799454033641e-05
1.324385984622162001e-05
1.332374904115878599e-05
1.340313683247183657e-05
1.348200439325422762e-05
1.356033288167978857e-05
1.363810350941079896e-05
1.371529761288713405e-05
1.379189672705059807e-05
1.386788266103607293e-05
1.394323757534169670e-05
1.401794405997434954e-05
1.409198521305410462e-05
1.416534471935199708e-05
1.423800692822968614e-05
1.430995693044708309e-05
1.438118063330480734e-05
1.445166483359240539e-05
1.452139728782045179e-05
1.459036677922478050e-05
1.465856318104423194e-05
1.472597751558911902e-05
1.479260200863597872e-05
1.485843013870503864e-05
1.492345668079989547e-05
1.498767774421409206e-05
1.505109080403626898e-05
1.511369472601436775e-05
1.517548978446965776e-05
1.523647767298293265e-05
1.529666150760817202e-05
1.535604582240263162e-05
1.541463655709706757e-05
1.547244103676511943e-05
1.552946794338674381e-05
1.558572727923673647e-05
1.564123032206605750e-05
1.569598957208004209e-05
1.575001869075431737e-05
1.580333243156568457e-05
1.585594656275149972e-05
1.590787778224681001e-05
1.595914362498443786e-05
1.600976236277770591e-05
1.605975289704035994e-05
1.610913464463171839e-05
1.615792741714824660e-05
1.620615129401501247e-05
1.625382648976167487e-05
1.630097321589830831e-05
1.634761153783551564e-05
1.639376122732179514e-05
1.643944161089808410e-05
1.648467141489552704e-05
1.652946860752694855e-05
1.657385023864581429e-05
1.661783227776818481e-05
1.666142945097332656e-05
1.670465507731712989e-05
1.674752090540936348e-05
1.679003695082049262e-05
1.683221133499696815e-05
1.687405012637466096e-05
1.691555718438885757e-05
1.695673400708576210e-05
1.699757958304449787e-05
1.703809024832023919e-05
1.707825954911814431e-05
1.711807811090408152e-05
1.715753351465180103e-05
1.719661018091688765e-05
1.723528926241561215e-05
1.727354854577164373e-05
1.731136236307530708e-05
1.734870151387858016e-05
1.738553319822465449e-05
1.742182096128310373e-05
1.745752465013082719e-05
1.749260038318497531e-05
1.752700053275700509e-05
1.756067372115666057e-05
1.759356483073169173e-05
1.762561502818283985e-05
1.765676180344503504e-05
1.768693902337393689e-05
1.771607700042327770e-05
1.774410257644183536e-05
1.777093922166068850e-05
1.779650714888097258e-05
1.782072344281045428e-05
1.784350220443378196e-05
1.786475471023690566e-05
1.788438958604075536e-05
1.790231299513351306e-05
1.791842884032476244e-05
1.793263897947895149e-05
1.794484345402009415e-05
1.795494072983529272e-05
1.796282794994102041e-05
1.796840119821446291e-05
1.797155577343231587e-05
1.797218647280134538e-05
1.797018788411072415e-05
1.796545468558328047e-05
1.795788195245449269e-05
1.794736546926264405e-05
1.793380204679242743e-05
1.791708984257710827e-05
1.789712868383185507e-05
1.787382039166307755e-05
1.784706910537569536e-05
1.781678160568248950e-05
1.778286763560754205e-05
1.774524021786866494e-05
1.770381596752255307e-05
1.765851539866075744e-05
1.760926322395472494e-05
1.755598864586389263e-05
1.749862563834246780e-05
1.743711321790772823e-05
1.737139570296555922e-05
1.730142296032695167e-05
1.722715063789316022e-05
1.714854038253541669e-05
1.706556004224902962e-05
1.697818385171983771e-05
1.688639260050326215e-05
1.679017378308340317e-05
1.668952173014941819e-05
1.658443772050062232e-05
1.647493007306818504e-05
1.636101421862090421e-05
1.624271275080389803e-05
1.612005545624255236e-05
1.599307932352870683e-05
1.586182853099163360e-05
1.572635441324240433e-05
1.558671540656640116e-05
1.544297697332421330e-05
1.529521150560616242e-05
1.514349820846874994e-05
1.498792296316349988e-05
1.482857817084777072e-05
1.466556257734447889e-05
1.449898107959136546e-05
1.432894451449153031e-05
1.415556943094377756e-05
1.397897784589461958e-05
1.379929698531257435e-05
1.361665901103984705e-05
1.343120073452584457e-05
1.324306331849191737e-05
1.305239196761586065e-05
1.285933560935910529e-05
1.266404656608809899e-05
1.246668021966483948e-05
1.226739466969896195e-05
1.206635038666616983e-05
1.186370986110427621e-05
1.165963725009913118e-05
1.145429802226850732e-05
1.124785860244218496e-05
1.104048601722164734e-05
1.083234754258289707e-05
1.062361035466099603e-05
1.041444118482563359e-05
1.020500598012300931e-05
9.995469570121430429e-06
9.785995341155957322e-06
9.576744918921974853e-06
9.367877860318575304e-06
9.159551355390901659e-06
8.951919940165856376e-06
8.745135221118785463e-06
8.539345611949658709e-06
8.334696083286724345e-06
8.131327925873522153e-06
7.929378527732085897e-06
7.728981165731604590e-06
7.530264811927517244e-06
7.333353954972146915e-06
7.138368436833988196e-06
6.945423304999630451e-06
6.754628680269913346e-06
6.566089640200739416e-06
6.379906118179162779e-06
6.196172818067331007e-06
6.014979144290600650e-06
5.836409147192134996e-06
5.660541483424511819e-06
5.487449391099613074e-06
5.317200679371474897e-06
5.149857732082996534e-06
4.985477525066487487e-06
4.824111656650209637e-06
4.665806390888290191e-06
4.510602712999778559e-06
4.358536396474259848e-06
4.209638081276247800e-06
4.063933362558684153e-06
3.921442889277155419e-06
3.782182472080984314e-06
3.646163199844975442e-06
3.513391564196393482e-06
3.383869591385525171e-06
3.257594980844913196e-06
3.134561249781937998e-06
3.014757883151713052e-06
2.898170488362210069e-06
2.784780954070936626e-06
2.674567612442271497e-06
2.567505404246532854e-06
2.463566046195936806e-06
2.362718199928533930e-06
2.264927642068969038e-06
2.170157434814224775e-06
2.078368096513280126e-06
1.989517771731681411e-06
1.903562400315190758e-06
1.820455884990853671e-06
1.740150257068757218e-06
1.662595839833424323e-06
1.587741409239889714e-06
1.515534351556038722e-06
1.445920817619536010e-06
1.378845873404506831e-06
1.314253646619951934e-06
1.252087469088545027e-06
1.192290014680862013e-06
1.134803432606126910e-06
1.079569475886117085e-06
1.026529624863875278e-06
9.756252056232272338e-07
9.267975032187345148e-07
8.799878696385449784e-07
8.351378264445907073e-07
7.921891620556535381e-07
7.510840236589309194e-07
7.117650037548680389e-07
6.741752213581067310e-07
6.382583978944525592e-07
6.039589278497313181e-07
5.712219442412932301e-07
5.399933789967303818e-07
5.102200183370717697e-07
4.818495532733602530e-07
4.548306253360514225e-07
4.291128676661772581e-07
4.046469416056615730e-07
3.813845689316085433e-07
3.592785598858261950e-07
3.382828371563303629e-07
3.183524559721266907e-07
2.994436204762271114e-07
2.815136965446699762e-07
2.645212212212975461e-07
2.484259089392685232e-07
2.331886547007653392e-07
2.187715343861565491e-07
2.051378023630269293e-07
1.922518865640408310e-07
1.800793812006010789e-07
1.685870372767518967e-07
1.577427510647877850e-07
1.475155507006237699e-07
1.378755810531892738e-07
1.287940870179744425e-07
1.202433953804211614e-07
1.121968953901565029e-07
1.046290181821398927e-07
9.751521517568771833e-08
9.083193557707145503e-08
8.455660310600034659e-08
7.866759206082253986e-08
7.314420283174295823e-08
6.796663696578576755e-08
6.311597188165381245e-08
5.857413532707895251e-08
5.432387966573810653e-08
5.034875607535090423e-08
4.663308873319623192e-08
4.316194906000108090e-08
3.992113008798320384e-08
3.689712101378331549e-08
3.407708199211257578e-08
3.144881922118055632e-08
2.900076036636454581e-08
2.672193036414167443e-08
2.460192764403701888e-08
2.263090080224905852e-08
2.079952575670138504e-08
1.909898340954041580e-08
1.752093783955387955e-08
1.605751504362506694e-08
1.470128224316267914e-08
1.344522776845507239e-08
1.228274153108838906e-08
1.120759609193821549e-08
1.021392832979087169e-08
9.296221713369442828e-09
8.449289177426887568e-09
7.668256601619557083e-09
6.948546889084134417e-09
6.285864639996439024e-09
5.676181414142917153e-09
5.115721567866487327e-09
4.600948902796313405e-09
4.128545763217031867e-09
3.695652818223398750e-09
