3.403943685576183203e+13
1.968283585089929443e+12
5.052660166009369930e-03
6.796259588036097487e-04
1.124340581474545311e-04
2.171799851080158131e-05
4.741803261949195219e-06
1.144660445478440638e-06
3.006728165511169606e-07
8.491395809218232605e-08
2.554301949114157435e-08
8.123327237311416942e-09
2.714719953698205709e-09
9.485468167200434759e-10
3.450622051635043408e-10
1.302199772886215364e-10
5.082246553998561704e-11
2.045815013017170171e-11
8.474049911248401997e-12
3.604408291239471713e-12
1.571462505171917578e-12
7.011344480733914476e-13
3.196757286122054577e-13
1.487632931336879379e-13
7.058600464858076698e-14
3.412364083074494965e-14
1.680179451578162665e-14
8.428340247881992837e-15
4.313051672300713460e-15
2.258304915359083111e-15
1.216653768601627364e-15
6.806975094008983547e-16
4.008252028693261111e-16
2.524282391662941402e-16
1.724244499853628208e-16
1.284498459396437047e-16
1.036871814699821138e-16
8.929058904940363678e-17
8.055261688281666944e-17
7.494008186752132841e-17
7.107526087072153508e-17
6.820123319534001886e-17
6.589814023459499163e-17
6.393097729186326022e-17
6.216709530048463802e-17
6.053103939545712772e-17
5.897958934032102024e-17
5.748783802439827525e-17
5.604135815438898492e-17
5.463175760539607935e-17
5.325413745180674644e-17
5.190562735032193886e-17
5.058453589899990588e-17
4.928985476249071117e-17
4.802096780522792283e-17
4.677747985512941398e-17
4.555911572952430413e-17
4.436566077158395069e-17
4.319692603748732783e-17
4.205272818346979943e-17
4.093287814367634946e-17
3.983717506997755291e-17
3.876540341559566955e-17
3.771733188553621655e-17
3.669271348124712230e-17
3.569128617104609508e-17
3.471277390211036687e-17
3.375688778194344060e-17
3.282332732571299869e-17
3.191178170779801925e-17
3.102193098161817431e-17
3.015344724761050696e-17
2.930599575888788441e-17
2.847923596000382106e-17
2.767282245779837151e-17
2.688640592540015656e-17
2.611963394166284514e-17
2.537215176896247950e-17
2.464360307258991166e-17
2.393363058507250263e-17
2.324187671873576112e-17
2.256798412971993647e-17
2.191159623653089077e-17
2.127235769604988702e-17
2.064991483976417263e-17
2.004391607281771329e-17
1.945401223832302863e-17
1.887985694922328397e-17
1.832110688984973860e-17
1.777742208918393693e-17
1.724846616770667925e-17
1.673390655959646374e-17
1.623341471192862396e-17
1.574666626242204117e-17
1.527334119718329925e-17
1.481312398980686093e-17
1.436570372310527257e-17
1.393077419466388396e-17
1.350803400734032727e-17
1.309718664575973493e-17
1.269794053979165892e-17
1.231000911593371517e-17
1.193311083747023207e-17
1.156696923422051715e-17
1.121131292264145659e-17
1.086587561700208581e-17
1.053039613230361668e-17
1.020461837957714862e-17
9.888291354152172897e-18
9.581169117452596552e-18
9.283010772842574896e-18
8.993580436012095344e-18
8.712647200361928836e-18
8.439985097818907253e-18
8.175373055485639303e-18
7.918594848503381294e-18
7.669439049482942352e-18
7.427698974836130483e-18
7.193172628318974389e-18
6.965662642078145057e-18
6.744976215473150123e-18
6.530925051929301852e-18
6.323325294059687010e-18
6.121997457278798488e-18
5.926766362115599516e-18
5.737461065419951631e-18
5.553914790643135629e-18
5.375964857360918917e-18
5.203452610195860604e-18
5.036223347284709624e-18
4.874126248426267198e-18
4.717014303035484576e-18
4.564744238020293227e-18
4.417176445689091992e-18
4.274174911788666681e-18
4.135607143764667825e-18
4.001344099329568538e-18
3.871260115416272128e-18
3.745232837589127305e-18
3.623143149978161542e-18
3.504875105796685548e-18
3.390315858497127055e-18
3.279355593614997046e-18
3.171887461346211987e-18
3.067807509898612539e-18
2.967014619654407404e-18
2.869410438176432558e-18
2.774899316087464963e-18
2.683388243848497968e-18
2.594786789458653162e-18
2.509007037096494477e-18
2.425963526719715855e-18
2.345573194637557961e-18
2.267755315067948259e-18
2.192431442689034536e-18
2.119525356192750888e-18
2.048963002846027949e-18
1.980672444063494964e-18
1.914583801993792260e-18
1.850629207120064161e-18
1.788742746873731032e-18
1.728860415259307133e-18
1.670920063486778742e-18
1.614861351606900850e-18
1.560625701143736350e-18
1.508156248717758381e-18
1.457397800651976396e-18
1.408296788552702579e-18
1.360801225855855507e-18
1.314860665329001532e-18
1.270426157518731374e-18
1.227450210132412602e-18
1.185886748342854476e-18
1.145691076003981003e-18
1.106819837765213572e-18
1.069230982071895383e-18
1.032883725038807141e-18
9.977385151835324582e-19
9.637569990062159365e-19
9.309019874020550267e-19
8.991374228927071227e-19
8.684283476626633443e-19
8.387408723865346276e-19
8.100421458331287267e-19
7.823003252321312427e-19
7.554845473892002365e-19
7.295649005352475813e-19
7.045123968957288392e-19
6.802989459657665298e-19
6.568973284770017592e-19
6.342811710421251314e-19
6.124249214631235616e-19
5.913038246893693646e-19
5.708938994117891149e-19
5.511719152794616720e-19
5.321153707251298686e-19
5.137024713862394933e-19
4.959121091082712518e-19
4.787238415172828632e-19
4.621178721487371465e-19
4.460750311198611458e-19
4.305767563329517849e-19
4.156050751972209219e-19
4.011425868569540023e-19
3.871724449139407197e-19
3.736783406323274399e-19
3.606444866142266060e-19
3.480556009346162365e-19
3.358968917242554570e-19
3.241540421895391295e-19
3.128131960584118552e-19
3.018609434416593265e-19
2.912843070990948636e-19
2.810707291003563338e-19
2.712080578702270219e-19
2.616845356085960485e-19
2.524887860753611348e-19
2.436098027307880760e-19
2.350369372220208778e-19
2.267598882066428735e-19
2.187686905043732594e-19
2.110537045681808449e-19
2.036056062662795601e-19
1.964153769666638694e-19
1.894742939160220946e-19
1.827739209050525665e-19
1.763060992123854751e-19
1.700629388194943306e-19
1.640368098891546865e-19
1.582203345001835686e-19
1.526063786313626528e-19
1.471880443876173821e-19
1.419586624616900824e-19
1.369117848247089371e-19
1.320411776392140280e-19
1.273408143883602734e-19
1.228048692151729267e-19
1.184277104658822193e-19
1.142038944315138582e-19
1.101281592820594211e-19
1.061954191876947053e-19
1.024007586216538715e-19
9.873942683950817677e-20
9.520683252973164618e-20
9.179853863057050489e-20
8.851025730836225889e-20
8.533784509257951555e-20
8.227729816299649835e-20
7.932474778450002353e-20
7.647645588518575241e-20
7.372881077349696817e-20
7.107832299027841651e-20
6.852162129172861110e-20
6.605544875934427621e-20
6.367665903305609177e-20
6.138221266386047110e-20
5.916917358235338135e-20
5.703470567967116146e-20
5.497606949744185189e-20
5.299061902344385548e-20
5.107579858976184967e-20
4.922913987032066587e-20
4.744825897476489757e-20
4.573085363573835887e-20
4.407470048670194912e-20
4.247765242750832702e-20
4.093763607503372786e-20
3.945264929624241727e-20
3.802075882113727442e-20
3.664009793312131795e-20
3.530886423436873221e-20
3.402531748387247910e-20
3.278777750590432983e-20
3.159462216668930116e-20
3.044428541716068592e-20
2.933525539972523104e-20
2.826607261702880922e-20
2.723532816077224331e-20
2.624166199868541210e-20
2.528376131782358557e-20
2.436035892240480205e-20
2.347023168446093600e-20
2.261219904562588004e-20
2.178512156843592230e-20
2.098789953556536139e-20
2.021947159546888403e-20
1.947881345294765488e-20
1.876493660320225155e-20
1.807688710797808346e-20
1.741374441245248946e-20
1.677462020155343955e-20
1.615865729444011101e-20
1.556502857591452850e-20
1.499293596357166295e-20
1.444160940953144125e-20
1.391030593563295819e-20
1.339830870100462850e-20
1.290492610095888679e-20
1.242949089619194133e-20
1.197135937130112882e-20
1.152991052166352261e-20
1.110454526774868909e-20
1.069468569596845231e-20
1.029977432519383678e-20
9.919273398097211203e-21
9.552664196504290630e-21
9.199446379965831606e-21
8.859137346784599189e-21
8.531271616756729151e-21
8.215400234910646727e-21
7.911090195549113253e-21
7.617923885922418165e-21
7.335498548881842316e-21
7.063425763883666173e-21
6.801330945733851613e-21
6.548852860483260767e-21
6.305643157902207436e-21
6.071365919981408847e-21
5.845697224924364808e-21
5.628324726113296000e-21
5.418947245547681451e-21
5.217274381270449788e-21
5.023026128312814433e-21
4.835932512703723044e-21
4.655733238104909219e-21
4.482177344646605835e-21
4.315022879552936327e-21
4.154036579159459963e-21
3.998993561938191407e-21
3.849677032158184715e-21
3.705877993821836817e-21
3.567394974528903944e-21
3.434033758931737211e-21
3.305607131456200629e-21
3.181934627973538508e-21
3.062842296118856544e-21
2.948162463961858166e-21
2.837733516745301411e-21
2.731399681416008346e-21
2.629010818682436175e-21
2.530422222341546781e-21
2.435494425626463553e-21
2.344093014334404825e-21
2.256088446502661771e-21
2.171355878407964395e-21
2.089774996672139330e-21
2.011229856264250033e-21
1.935608724196380237e-21
1.862803928717072445e-21
1.792711713812956987e-21
1.725232098835545095e-21
1.660268743076223700e-21
1.597728815118526782e-21
1.537522866802497375e-21
1.479564711641462737e-21
1.423771307537091333e-21
1.370062643643604824e-21
1.318361631237281855e-21
1.268593998452079836e-21
1.220688188747071916e-21
1.174575262975807421e-21
1.130188804932317211e-21
1.087464830252474177e-21
1.046341698553891646e-21
1.006760028701146994e-21
9.686626170873481990e-22
9.319943588264843416e-22
8.967021717548045489e-22
8.627349231428609542e-22
8.300433590232399652e-22
7.985800360422867891e-22
7.682992557472326025e-22
7.391570012232079961e-22
7.111108759975881986e-22
6.841200451318491209e-22
6.581451784240678009e-22
6.331483956475716563e-22
6.090932137541176248e-22
5.859444959721762138e-22
5.636684027335176789e-22
5.422323443634491772e-22
5.216049354724011299e-22
5.017559509886440999e-22
4.826562837740615911e-22
4.642779037668759030e-22
4.465938185972184727e-22
4.295780356232654852e-22
4.132055253375425349e-22
3.974521860946876878e-22
3.822948101137272244e-22
3.677110507095045118e-22
3.536793907095179577e-22
3.401791120139391627e-22
3.271902662580656764e-22
3.146936465378776304e-22
3.026707601607714436e-22
2.911038023848286030e-22
2.799756311113265284e-22
2.692697424963593943e-22
2.589702474487285134e-22
2.490618489823052056e-22
2.395298203923281739e-22
2.303599842260018789e-22
2.215386920189967686e-22
2.130528047702704093e-22
2.048896741287531142e-22
1.970371242662758655e-22
1.894834344120630719e-22
1.822173220250146358e-22
1.752279265807462927e-22
1.685047939513292968e-22
1.620378613562556602e-22
1.558174428641237659e-22
1.498342154251097804e-22
1.440792054149886508e-22
1.385437756725394936e-22
1.332196130117204084e-22
1.280987161929384173e-22
1.231733843342005113e-22
1.184362057503800672e-22
1.138800471986999065e-22
1.094980435251609366e-22
1.052835876836839748e-22
1.012303211338541463e-22
9.733212457640586273e-23
9.358310905145992591e-23
8.997760733574032030e-23
8.651016569559686478e-23
8.317553589347973964e-23
7.996866755497836810e-23
7.688470073434541078e-23
7.391895885823288183e-23
7.106694180486985274e-23
6.832431938501896477e-23
6.568692490366180277e-23
6.315074911983431471e-23
6.071193430097873632e-23
5.836676854029657788e-23
5.611168042466060450e-23
5.394323341621329124e-23
5.185812153307976951e-23
4.985316307349147384e-23
4.792529837477233644e-23
4.607158114762761127e-23
4.428918091005935872e-23
4.257536791438392106e-23
4.092752624443613651e-23
3.934312333726190339e-23
3.781974700411242088e-23
3.635503999829051772e-23
3.494678950106311819e-23
3.359278502095547372e-23
3.229102130460292043e-23
3.103938973380018791e-23
2.983612865835468394e-23
2.867914444891107516e-23
2.756702679577228724e-23
2.649749122405113742e-23
2.546979416725639816e-23
2.448089396646221487e-23
2.353166449578249981e-23
2.261662717406199098e-23
2.174117347513212044e-23
2.089232169690999021e-23
2.008872480549547973e-23
1.929483267428148611e-23
1.856828592461664408e-23
1.780726467744254496e-23
1.718212898159963581e-23
1.640098125681787613e-23
1.595391316200979021e-23
1.501367313203398831e-23
1.496529384877778614e-23
1.348741104083991646e-23
1.446118599773892952e-23
1.138806663511634603e-23
1.516130434918284208e-23
7.464405410906674636e-24
1.920319725183705238e-23
-2.001634024787591364e-24
3.303372843235512502e-23
-2.826803940262978901e-23
7.631040786929313355e-23
-1.057425160196145156e-22
2.092464505973920473e-22
-3.398200884729507078e-22
6.161688800061645111e-22
-1.052600564716659356e-21
1.859235953054393568e-21
-3.224000596840548981e-21
5.644340856833440579e-21
-9.820096148876588067e-21
1.712282694985308170e-20
-2.977877728956713783e-20
5.178999694763591654e-20
-8.994724159543119339e-20
1.561415328690183962e-19
-2.708291684281091769e-19
4.695469780813393746e-19
5.168446347334887534e-16
