4.753562130323004797e-04
2.435054560452630838e-04
5.637988748724018229e-02
2.258261499504255268e-02
1.020870474092890404e-02
4.697853017473873141e-03
2.179991156219350003e-03
1.010902510478938138e-03
4.324609878003689159e-04
1.652410234904311162e-04
5.661679735942683179e-05
1.817701408030886805e-05
5.880480185050912902e-06
2.056381160050530777e-06
7.657570128729172779e-07
2.965198310502078581e-07
1.244046681955790552e-07
5.747687389932378012e-08
2.789273741643043015e-08
1.336211745632920325e-08
6.029048483087517636e-09
2.518205820899069354e-09
9.751399643183152402e-10
3.546488721516921349e-10
1.257348552470640950e-10
4.589488130789753231e-11
1.789993070108804265e-11
7.432598753355963571e-12
3.216668291618211663e-12
1.430298601489512241e-12
6.403378377245310076e-13
2.790484532621080876e-13
1.146092883786282235e-13
4.362919288891803421e-14
1.540123678270019590e-14
5.135349776687947920e-15
1.679457718570197790e-15
5.708787166556153700e-16
2.140557853728906707e-16
8.979787471236130922e-17
4.035637371051998051e-17
1.844527564409614674e-17
8.286598718638397631e-18
3.594582261476934625e-18
1.492684403255766264e-18
5.931449253332047654e-19
2.275756943524702707e-19
8.536363328064023905e-20
3.167480663541805520e-20
1.177892826818444960e-20
4.463517271290544437e-21
1.749943582204748859e-21
7.118191100493864161e-22
2.968991595413328242e-22
1.247805988116546100e-22
5.207978869506960411e-23
2.136512981974790070e-23
8.571656141026344469e-24
3.353915641101371626e-24
1.280081979312674937e-24
4.779222524310698565e-25
1.756819849716892669e-25
6.406921149337089133e-26
2.334457473519146050e-26
8.541253926611938370e-27
3.138126086225420747e-27
1.153579674466621827e-27
4.221552579331918992e-28
1.537153470990798224e-28
5.607149127890944432e-29
2.079956996762766954e-29
7.900136576095565704e-30
3.077259594654044242e-30
1.209402912159955389e-30
4.717288606586823436e-31
1.812779029432561333e-31
6.846955779407438017e-32
2.598103422601912279e-32
1.012167050035846090e-32
4.137666546340705238e-33
1.775957472396637822e-33
7.789050215570436308e-34
3.417500052177754940e-34
1.459670189083443659e-34
6.050654428700721055e-35
2.413475423629147059e-35
9.303497616833936301e-36
3.473848069710296906e-36
1.274620173284737840e-36
4.699484254912397529e-37
1.756618711930318146e-37
6.783699680701745617e-38
2.672102610974318216e-38
1.072389656394475605e-38
4.321633896532363389e-39
1.736394135457814229e-39
6.813451409349445537e-40
2.607643474528213354e-40
9.625219414309138707e-41
3.547118517377209261e-41
1.276627704882669489e-41
4.791779207257683734e-42
1.837978216668967080e-42
7.181373268240421644e-43
2.901702596084009052e-43
1.160121953993917649e-43
4.595701041431299713e-44
1.863952286325927376e-44
7.161614683970994117e-45
2.821063210069185506e-45
1.032805930982326850e-45
4.044305509777918016e-46
1.429095547052245882e-46
5.779911379865944389e-47
2.110906643542443153e-47
8.881105731086803170e-48
3.211573570460454315e-48
1.328352303034596649e-48
4.917431831440092866e-49
1.763478660962390683e-49
7.217948639364412497e-50
2.177246759191038128e-50
9.970469588223298191e-51
2.756573722148779290e-51
1.322978432295274792e-51
2.905320342421424166e-52
2.404495755815996743e-52
-6.255928204754218840e-54
5.421827078676954531e-53
-1.276189604621570645e-53
1.230662270974317458e-53
-3.645392470247521427e-54
2.404881273877751976e-54
-6.620870722521385077e-55
4.135030853517075828e-55
-1.090389677961563470e-55
7.185765858891803473e-56
-1.996242678906060644e-56
1.309063437011724255e-56
-3.888864610865301654e-57
2.384908466742169667e-57
-7.412498394645777280e-58
4.185886500550405897e-58
-1.364871253096083076e-58
7.754494678533530171e-59
-2.951586123862977294e-59
1.643782270077742634e-59
-6.784658372567489648e-60
3.415000633748704423e-60
-1.425130049638841827e-60
7.161158030945792344e-61
-3.349926001102104881e-61
1.779260928049675016e-61
-8.906694303767301357e-62
4.672165034145971490e-62
-2.399562536303708090e-62
1.314156179313603456e-62
-8.064901657988311249e-63
6.915887934865872290e-63
-9.253883328213978769e-63
1.653846438927004377e-62
-3.271456178114808571e-62
6.632526603663215026e-62
-1.347622634125465200e-61
2.728542548866607141e-61
-5.497664411219791002e-61
1.101975267271827647e-60
-2.197043721994636427e-60
4.355864274585918962e-60
-8.584616272964193736e-60
1.680995242128291647e-59
-3.268520192885240863e-59
6.306299927078429613e-59
-1.206434313509259536e-58
2.286538136479139145e-58
-4.289590165205222021e-58
7.958099460021995196e-58
-1.458561720970823037e-57
2.638086568641314931e-57
-4.702954335790274739e-57
8.251799069442666212e-57
-1.422525172474470319e-56
2.403899149866297750e-56
-3.969730531107377815e-56
6.376994869123826285e-56
-9.894417368872265772e-56
1.465032622614052058e-55
-2.023268991753492979e-55
2.474724018988691374e-55
-2.274057156502643550e-55
7.663616323245177686e-57
7.178991512943370533e-55
-2.611800356153060688e-54
7.064900025219464343e-54
-1.693561012113501163e-53
3.787080981039927734e-53
-8.134968791227638817e-53
1.690246829944550556e-52
-3.426803208781452560e-52
6.852399043760200181e-52
-1.340401166750682068e-51
2.568276506473335130e-51
-4.999614247019524905e-51
9.178788516490165399e-51
-1.683809222945113007e-50
3.396745122935175598e-50
-5.109092443272570431e-50
1.046493592733479208e-49
-2.252305520479740372e-49
1.388761661161620640e-49
-7.996968151761656295e-49
1.569158408273440800e-48
2.949627250999333395e-48
1.346381951967006787e-47
-3.076828242787443814e-48
-7.704101856524591280e-47
-3.058424320417983764e-46
-2.944751544568218811e-46
1.388135198940939992e-45
7.778481635424110289e-45
1.653005739479292823e-44
-2.358912846091540578e-46
-1.199413924082707010e-43
-3.829193556469484959e-43
-3.600621844016415929e-43
1.615375189053221150e-42
7.710265672100747078e-42
1.274172197393401227e-41
-1.539031369216436091e-41
-1.422309119471866419e-40
-3.526217949861095299e-40
-1.576044307982256742e-40
1.834615257605467869e-39
6.606522544711498303e-39
8.010606351955653464e-39
-1.864174309692818183e-38
-1.070795246272659460e-37
-2.000834237191036058e-37
8.062755592628198164e-38
1.476400750048797621e-36
3.799571797267396217e-36
2.005914702925918644e-36
-1.715498444429867257e-35
-6.132606882389252320e-35
-7.474311406549969909e-35
1.410396140471099966e-34
8.142738062555127137e-34
1.452470620340866052e-33
-5.392799611654674199e-34
-9.395283134351804625e-33
-2.222606205746099702e-32
-8.515548482480161709e-33
9.656676664548010706e-32
3.014187751644792114e-31
2.904823559776864299e-31
-7.890459954812170282e-31
-3.503560104170484184e-30
-4.997117311383684940e-30
4.696939819563982118e-30
3.629817783530403403e-29
6.773776215434266296e-29
-6.669861379568470484e-30
-3.387965172790275530e-28
-7.972312047218418998e-28
-3.589964048082194136e-28
2.804614276542253813e-27
8.351223616561772237e-27
7.241687353333681415e-27
-2.001079443162045393e-26
-7.853773606156278275e-26
-9.520647283893407669e-26
1.180880666680847354e-25
6.732521513258849475e-25
1.026852481503967696e-24
-4.945294649147012020e-25
-5.333738527367674516e-24
-9.810412327627779410e-24
-1.089689745125047452e-25
3.881038882026411017e-23
8.446339907301923203e-23
3.035954373351680070e-23
-2.605225945109403939e-22
-6.664677154254942444e-22
-4.160244241290648663e-22
1.621061531550977884e-21
4.889636036990107978e-21
4.115389435532081544e-21
-9.290729657652770713e-21
-3.351287583880648241e-20
-3.441303613162074404e-20
4.870773782396300151e-20
2.153776611976096449e-19
2.556023514281477838e-19
-2.322385828252490469e-19
-1.305096974173736867e-18
-1.730043545320729794e-18
9.946199132653412303e-19
7.496871797306849946e-18
1.084380836273195220e-17
-3.688099546995397632e-18
-4.092423574321612797e-17
-6.341114045287445353e-17
1.092879360704125966e-17
2.129888394297471418e-16
3.477806124555611392e-16
-1.897857693925937636e-17
-1.061071152143883824e-15
-1.798150135216017151e-15
-4.646729882979952314e-17
5.069981707064924759e-15
8.786425270693818485e-15
6.632281186566414424e-16
-2.327093786600878174e-14
-4.062451787632570883e-14
-3.957393563269708889e-15
1.027800186937333946e-13
1.779144512928540051e-13
1.666811189841351773e-14
-4.372179044184962918e-13
-7.384357349652168872e-13
-4.853113709372952423e-14
1.790749066660739567e-12
2.902925134645547988e-12
3.904679063836465217e-14
-7.054642473324227937e-12
-1.079345561367173024e-11
6.981775061701636757e-13
2.669029964905035190e-11
3.787718691985397363e-11
-6.497208746525291749e-12
-9.674140303222127854e-11
-1.250187468390660718e-10
3.910696721998367721e-11
3.349239779844694522e-10
3.860301357176815878e-10
-1.928315828923649943e-10
-1.103887539232219436e-09
-1.106242640226090455e-09
8.322174906492347613e-10
3.450864115252175979e-09
2.904898726485085098e-09
-3.231951506468635370e-09
-1.018735522902552738e-08
-6.832331048913351900e-09
1.145197026500154594e-08
2.825385554854146769e-08
1.371684905489702209e-08
-3.729462318650485579e-08
-7.314362931198952537e-08
-2.043990107179706489e-08
1.120084365779776692e-07
1.752115515459544840e-07
6.936035398096294846e-09
-3.104951168482238748e-07
-3.833425243876895085e-07
9.961207556761849604e-08
7.934006815148216815e-07
7.494951101730437796e-07
-5.067312598724226006e-07
-1.862103027422583679e-06
-1.253453267292864113e-06
1.712282268331039268e-06
3.987593404249482491e-06
1.592743985099265072e-06
-4.737094963664565506e-06
-7.702537484641317836e-06
-7.424576639621229520e-07
1.134577991477587588e-05
1.314409505534142588e-05
-3.750870817048673341e-06
-2.397109958972961895e-05
-1.897566139605326864e-05
1.653485713620085715e-05
4.479358545134396217e-05
2.057541361565542681e-05
-4.457642272522493635e-05
-7.330789481984253931e-05
-7.998136097210785519e-06
9.534765396064489370e-05
1.021669146989460052e-04
-3.463464844948871288e-05
-1.716434294581856981e-04
-1.125967575619166579e-04
1.254981430321838449e-04
2.629026677733737314e-04
7.309357947275073482e-05
-2.745845886339818068e-04
-3.362925995813054745e-04
5.307624477463623370e-05
4.671687541840699150e-04
3.352661950479030387e-04
-2.878155662470687328e-04
-6.488702716320925374e-04
-1.950654249238817427e-04
6.096405596004559778e-04
7.267456456871321203e-04
-1.214456972002588161e-04
-9.327304198115663652e-04
-5.999165802233892260e-04
5.798184710934327748e-04
1.117093151610283564e-03
2.180002674298121140e-04
-1.051435705313611205e-03
-1.023965100934962373e-03
3.603517334854952885e-04
1.344031479571068275e-03
6.005827092625782519e-04
-9.544835905723435265e-04
-1.290664090312387520e-03
5.591770014285171519e-05
1.326262689553930375e-03
8.558088682386274810e-04
-7.125758028314872847e-04
-1.303825257228447086e-03
-1.854588655534039599e-04
1.107984991449331713e-03
8.909962516425392904e-04
-4.508562241618682882e-04
-1.097377121981265007e-03
-2.797671353174552050e-04
8.047267070031558552e-04
7.372089633364872340e-04
-2.562989678966572636e-04
-7.867012010191305965e-04
-2.441903483248892550e-04
5.195091682635130702e-04
5.002230770641112210e-04
-1.437192213578238054e-04
-4.858390639254837840e-04
-1.521759390797420815e-04
3.020651683826352705e-04
2.808239442971471812e-04
-8.509810920484040583e-05
-2.587260333155852379e-04
-6.872570609005136731e-05
1.579117171734562551e-04
1.293815859168272360e-04
-5.107900744133281134e-05
-1.175809736114005760e-04
-1.996218903148594596e-05
7.285059004548130135e-05
4.752572087452239127e-05
-2.798588731466778335e-05
-4.453841901570823174e-05
-1.089911703880983438e-06
2.871424159945406567e-05
1.298046216946381317e-05
-1.286394533744692700e-05
-1.348781444244477312e-05
2.508288999197078935e-06
9.261712774451157435e-06
2.116629301305779821e-06
-4.700976394144544578e-06
-3.019797116795563409e-06
1.600963889700308824e-06
2.305468603004218990e-06
-7.745522024129684826e-08
-1.304326378787828015e-06
-4.047773951266840763e-07
5.652996583366954276e-07
4.000688896067511422e-07
-1.660118685936125897e-07
-2.574929729393880126e-07
4.675477369420719770e-09
1.293495109612728892e-07
3.564429527255835059e-08
-5.197998086155001315e-08
-3.134748664935038512e-08
1.562490052471118932e-08
1.844324015431502876e-08
-2.256916252115901271e-09
-8.683810231724068161e-09
-1.134657896267809715e-09
3.413930173387510731e-09
1.251238098785226672e-09
-1.114771685704048396e-09
-7.375882509890458937e-10
2.838119775430541768e-10
3.384903706284857089e-10
-4.154838910496908590e-11
-1.313354456770018458e-10
-8.215439418990835016e-12
4.433810199709138276e-11
9.863364691348371739e-12
-1.313989580773386789e-11
-5.046903242092629630e-12
3.408972408098825954e-12
1.952153917294134210e-12
-7.635852454081547869e-13
-6.310036182945741720e-13
1.433599256978959423e-13
1.756650226495639201e-13
-2.126992672910947966e-14
-4.222049995140854788e-14
2.214267011993423634e-15
8.549035794129955587e-15
-1.487083178816861451e-16
-1.334446075495186663e-15
3.821549108655260549e-17
9.972793377989643320e-17
