3.534304481196257584e-03
1.276334262089150575e-03
1.022389210941040093e-03
8.334511840513220615e-04
3.891435350859549260e-04
2.047815778986860344e-04
2.236225773980992032e-04
3.059046151497219227e-04
2.712893583340707736e-04
2.051114418832523825e-04
1.669134636157324533e-04
1.094995701936897796e-04
7.566700537956051818e-05
5.545707137212743399e-05
4.571426125474687026e-05
4.003640837543871104e-05
3.752194793585293653e-05
3.329298955739679142e-05
2.498141582470697692e-05
1.714210696187936240e-05
1.196769425648740152e-05
8.596761965685653260e-06
5.719065311488262894e-06
4.201313106485060844e-06
3.556655772793297437e-06
2.976611436831726206e-06
2.377644428006257161e-06
1.885312233118842097e-06
1.496853204704440763e-06
1.200232235863787156e-06
9.578236000763331461e-07
6.949479472156132722e-07
4.818308270783916316e-07
3.428040844817905047e-07
2.614279505102947946e-07
2.272821601384274526e-07
2.216444822755799434e-07
2.104599885912665076e-07
1.822410947608272748e-07
1.453295158747459124e-07
1.071904604070931897e-07
7.286362182628732181e-08
4.662200672275184693e-08
3.139622484467565188e-08
2.549105240377191704e-08
2.408343303304254058e-08
2.310915303894454449e-08
2.103319668989289051e-08
1.802054315943506905e-08
1.476648291010627079e-08
1.181621519020818879e-08
9.612911795012461353e-09
8.130449370890442214e-09
7.000504099372360202e-09
5.958672507550411606e-09
4.985547166184011543e-09
4.130505495654935480e-09
3.380122111088485518e-09
2.711962149470003124e-09
2.129621388960865235e-09
1.639694054058901439e-09
1.261724829102791798e-09
9.942278026393644970e-10
8.028191485594241860e-10
6.486463991158293510e-10
5.167283806024395215e-10
4.103230960265558727e-10
3.301094245055474465e-10
2.686372526167781823e-10
2.163988739820293783e-10
1.692198410852935820e-10
1.281943777699126615e-10
9.487133718911170601e-11
6.873893768778734126e-11
4.872182524467455901e-11
3.455202951340492536e-11
2.566781641689211047e-11
2.043305289619053169e-11
1.699966301123579338e-11
1.432283276858430948e-11
1.215931174036263179e-11
1.048760758047414740e-11
9.120212196698912439e-12
7.847854862244210054e-12
6.593872039876529096e-12
5.354223298921247092e-12
4.140732396630111461e-12
3.010807928194234459e-12
2.063251713089063968e-12
1.370189919057288100e-12
9.256802297109025178e-13
6.656447316606454786e-13
5.151056578063850844e-13
4.169875184245007483e-13
3.398559650498390870e-13
2.736368818596010622e-13
2.179343199091127891e-13
1.720882005622722578e-13
1.342183344534148494e-13
1.038670159974141622e-13
8.116185960046471903e-14
6.465418273767130357e-14
5.156550755217678047e-14
3.967503754909413519e-14
2.855425242717058475e-14
1.904934116246586265e-14
1.200340145539253393e-14
7.593319994530582104e-15
5.384968390578552866e-15
4.605149957793769341e-15
4.456193618855380653e-15
4.383876426780106842e-15
4.158972001490791161e-15
3.762661254413727311e-15
3.257596524133024664e-15
2.727278855337039859e-15
2.239837335012513516e-15
1.824402441854512373e-15
1.477079046779143940e-15
1.181010062916218617e-15
9.228014287953577920e-16
7.002026670361795982e-16
5.185980453359343880e-16
3.811831773588846497e-16
2.833060664816205869e-16
2.156049116952488436e-16
1.697900896369424495e-16
1.404154379525535811e-16
1.224639289774246593e-16
1.099340057684221106e-16
9.738757262191974377e-17
8.211009821320381888e-17
6.475286039430069220e-17
4.805002929682583198e-17
3.452860981994526660e-17
2.503058809545379309e-17
1.890717518093680620e-17
1.501662757690521644e-17
1.240890572625178173e-17
1.048376009475702659e-17
8.918549602935980912e-18
7.574611671340306175e-18
6.413854076641278517e-18
5.426017757571904181e-18
4.582149890372026114e-18
3.826854928263456437e-18
3.106515307450676154e-18
2.407568702564667141e-18
1.762870010734686004e-18
1.222102930580633722e-18
8.190006813511321790e-19
5.558909983620158675e-19
4.055020756713914924e-19
3.256343410574456619e-19
2.776162404733267495e-19
2.377663287371512413e-19
1.980214619258841741e-19
1.597630120046010286e-19
1.266923007340782002e-19
1.004873398584874824e-19
8.036470007340028622e-20
6.478840755572702073e-20
5.270636469484087397e-20
4.343878148210145914e-20
3.620326004512248220e-20
3.019515918922819578e-20
2.494150783842528279e-20
2.034226182415651260e-20
1.641088952276358604e-20
1.307461815014798021e-20
1.018946752191836977e-20
7.654532407174881999e-21
5.473606013083701836e-21
3.716472559463276048e-21
2.430954675662323519e-21
1.587153512936027589e-21
1.086217927930309884e-21
8.072038583761214560e-22
6.506913582682653509e-22
5.552011946007514269e-22
4.879761780281577106e-22
4.305618025671728964e-22
3.735842013117184088e-22
3.164154919170943435e-22
2.635073092905315918e-22
2.184309479012479021e-22
1.811694147174781005e-22
1.498170213101705499e-22
1.230636049511224121e-22
1.005656158683166093e-22
8.195087639564094783e-23
6.641331742498497115e-23
5.315159862771261097e-23
4.174144683122949748e-23
3.207330594721609201e-23
2.413211562371013524e-23
1.785845447054794012e-23
1.311335846389226589e-23
9.691518129869277989e-24
7.333023003620969482e-24
5.744298371032276573e-24
4.651216306438513042e-24
3.849076939792826342e-24
3.207644134910702408e-24
2.648917585538066154e-24
2.133701310792247734e-24
1.658797896029450993e-24
1.245959370958650863e-24
9.180613958670211366e-25
6.793235724234962796e-25
5.144979555531464481e-25
4.014705434215731965e-25
3.214828361200231784e-25
2.615204524906871021e-25
2.135106780835483988e-25
1.735913438777782561e-25
1.408108481848479737e-25
1.150391199963895469e-25
9.538621021115784355e-26
8.009957718922805437e-26
6.739275604804877983e-26
5.608066860102687459e-26
4.567640717190519784e-26
3.625367689837101129e-26
2.818720635461310830e-26
2.176589451968019785e-26
1.692580198653496538e-26
1.332194049564690202e-26
1.058241062907818871e-26
8.459260417027629081e-27
6.818593714417367354e-27
5.569733858759189717e-27
4.603297844011368523e-27
3.786083742833575258e-27
3.026198159967281163e-27
2.322699176379387018e-27
1.725433280416874667e-27
1.264167636608268798e-27
9.303755205939064431e-28
6.970644899748438196e-28
5.323328003272893095e-28
4.076810955542380336e-28
3.085240001116347908e-28
2.338336800261594755e-28
1.834353455151969608e-28
1.503189821365663706e-28
1.252947776999203258e-28
1.034644148325282295e-28
8.405878072719248311e-29
6.734897980172140312e-29
5.376737030016130491e-29
4.386292467187281107e-29
3.717647342139684977e-29
3.192696529410878135e-29
2.655209336515498623e-29
2.098247036758841556e-29
1.612027025569444321e-29
1.252676914252662287e-29
9.913859491474848314e-30
7.736169960065569596e-30
5.858732024430900419e-30
4.428866412613334949e-30
3.397504504497131199e-30
2.537057397516425454e-30
1.798089749555327552e-30
1.316247705079995096e-30
1.094398295801980151e-30
9.339382083387598104e-31
7.052185121084542613e-31
4.857319246870785083e-31
3.791939326906246340e-31
3.542685160055003635e-31
3.220811466197634650e-31
2.597436999801772098e-31
2.003938139415369305e-31
1.654413351718767123e-31
1.452386627424931271e-31
1.207023381848075782e-31
8.621379905743634436e-32
5.481490933388001846e-32
4.055420424712528698e-32
3.813398375698441280e-32
3.140994072625617384e-32
2.003435142781587911e-32
1.711632540276219614e-32
2.012572452484917129e-32
1.290576739259359441e-32
-1.230916571842862133e-33
-2.401901333404275099e-33
8.551715056081528380e-33
1.118265304384576579e-32
2.352250647324061052e-33
-2.138354964775351875e-33
1.529658018566003288e-33
3.181036632577095564e-33
1.116963350957351215e-33
1.239150755478737209e-33
2.016285602559084722e-33
-2.392271204351835155e-34
-1.634524154180768247e-33
5.710904524417670924e-34
2.239852471625562251e-33
1.523725942428599989e-33
1.252208751253504092e-34
-2.239607642796748571e-33
-2.643998429352020427e-33
3.106853411449359286e-33
6.270742417302672535e-33
-2.751853388330188838e-33
-9.276707758271675704e-33
2.317279987653420801e-33
1.202935142522029793e-32
-1.377559345791833412e-33
-1.370401253255206190e-32
5.033379074380463849e-34
1.429481119136161273e-32
3.215092949212633253e-34
-1.337135436594528824e-32
-5.883877413591246490e-34
1.123347033809532290e-32
2.303107089481127891e-34
-8.462303238699676642e-33
5.372647942880215616e-34
6.258298994295941798e-33
-7.001199580701390024e-34
-6.015418459220971422e-33
-1.398453379772085877e-33
9.075126833719624529e-33
7.769642187041720520e-33
-1.625092648791350276e-32
-1.981429061470474796e-32
2.789307102835389667e-32
3.735481061606409693e-32
-4.446094360645452224e-32
-5.809836964611096083e-32
6.754780918708253272e-32
7.792118675392858825e-32
-1.011460130670631285e-31
-9.159905777671967156e-32
1.543077984849340563e-31
9.447740607345728661e-32
-2.477848230090824038e-31
-8.938323236123255028e-32
4.256152857564570569e-31
1.096791837827242324e-31
-7.614812105090394430e-31
-2.702704438152032651e-31
1.326746470956323129e-30
8.342979531946891501e-31
-2.071942305803684114e-30
-2.220011075229460063e-30
2.626564584193662006e-30
4.826084710386965413e-30
-2.196338132337418342e-30
-8.741524905298959221e-30
-1.760662598948634149e-31
1.407699038333520426e-29
5.678239866405689349e-30
-2.307223436274176590e-29
-2.044212322199548887e-29
4.097887401346493050e-29
7.423802353487574863e-29
-5.374626996139541675e-29
-2.522975240407872623e-28
-8.012847306549158160e-29
6.612357846251394577e-28
9.020055412571534187e-28
-1.023385771921142410e-27
-3.641511236146380989e-27
-7.171532876644484708e-28
9.446308666009036297e-27
1.106022321080802000e-26
-1.471514103715977956e-26
-4.235110891490477849e-26
-6.448252752945696782e-28
1.044479199492083389e-25
8.811655540914016431e-26
-1.789822651550952942e-25
-3.345468992854597558e-25
1.986980444131858455e-25
8.957194780492619406e-25
-5.684935999428139567e-26
-2.365598496869499785e-24
-8.302853151356350483e-25
6.961131756214174544e-24
7.022184917673344295e-24
-1.828306508257593088e-23
-3.926114037536831312e-23
2.425648877397992613e-23
1.513963797049918793e-22
7.761641300744396454e-23
-3.842333148511044072e-22
-6.351326991398549637e-22
4.408838840442528758e-22
2.241383865743953675e-21
1.145026263239043097e-21
-4.675021777165671417e-21
-7.608103388240402571e-21
3.719483194793369215e-21
2.089161423401915965e-20
1.100125721802937997e-20
-3.172246881328884042e-20
-4.218884531479171085e-20
2.254452197398918525e-20
4.421380213938886602e-20
-7.109220733900933979e-20
2.557191635170297550e-20
6.547102260755461379e-19
4.923290416656273211e-19
-2.644822953289948741e-18
-5.346145899617434675e-18
3.953853853534939338e-18
2.454912508438199811e-17
1.508820151680491396e-17
-6.569749701075165365e-17
-1.248697324879329373e-16
6.894831017389282460e-17
4.660895941332415658e-16
2.993055496929233091e-16
-1.074019851918147510e-15
-2.019792091647597185e-15
1.004088568674427888e-15
6.796282562503437855e-15
4.042159919038676952e-15
-1.485704353216402520e-14
-2.561381461813605927e-14
1.562427908053973558e-14
8.335902438934084499e-14
3.606239525369579056e-14
-1.853780754419011617e-13
-2.595443711766699053e-13
2.468190683598790958e-13
8.714239126408595823e-13
1.184630673335268228e-13
-2.066853358986277461e-12
-1.974388534208617238e-12
3.456164840062202098e-12
7.460299376400967764e-12
-2.531188402440717291e-12
-1.951306739973181485e-11
-8.408802505142594899e-12
3.909434037758255462e-11
4.673434584638309088e-11
-5.642572313041948522e-11
-1.427328807086271383e-10
3.125733565858623380e-11
3.333781202427071384e-10
1.418388769260024284e-10
-6.288561344676867209e-10
-6.793629030841249363e-10
9.222897074107890017e-10
1.941285689352976073e-09
-8.059677659230720733e-10
-4.385681683543627821e-09
-7.300174273757024591e-10
8.324304545830312494e-09
5.685296124637948637e-09
-1.330141225784358565e-08
-1.736906417229863665e-08
1.690736550063516833e-08
4.030352679871148702e-08
-1.294691136592058222e-08
-7.913856350276635297e-08
-1.080902145041679027e-08
1.358769766830850735e-07
7.451571133972592394e-08
-2.048864899468771936e-07
-2.063401216575293586e-07
2.658921210873748615e-07
4.387872768995187008e-07
-2.765127803137172919e-07
-7.995176418065295995e-07
1.676976715728510506e-07
1.296383060960553734e-06
1.531075089470842794e-07
-1.899370616712907932e-06
-7.863377083984349641e-07
2.526100404760190925e-06
1.810147921684274847e-06
-3.040149116160575627e-06
-3.240582264091853501e-06
3.273506376272937651e-06
4.989089095274537938e-06
-3.065720207402982981e-06
-6.860433317275255259e-06
2.371342907095883667e-06
8.468366953818164342e-06
-1.086538048668491584e-06
-9.843236276891307286e-06
3.591694280432410807e-07
8.517912100599546503e-06
4.487376133335653051e-06
-1.611058612803906181e-05
1.454035108199069698e-05
-3.198874815474138508e-05
9.365642572101288467e-05
-2.188394117304258998e-04
5.005765656220562175e-04
-1.173371254333451311e-03
2.750362966738232554e-03
