3.821901510388967971e+00
2.429975148354840186e+00
3.123237649053124405e-05
2.570660301191379999e-05
2.197446540766463693e-05
1.922119144803763387e-05
1.707456576614626616e-05
1.533863526812522833e-05
1.389956547520499308e-05
1.268609630449579942e-05
1.165083044400837145e-05
1.076057621177741122e-05
9.991026393642069670e-06
9.323674015856809886e-06
8.743951202905548805e-06
8.240067927994989603e-06
7.802265751608457425e-06
7.422324493863585539e-06
7.093226408699614687e-06
6.808920141934378398e-06
6.564148887330863310e-06
6.354320529109400782e-06
6.175405825082777614e-06
6.023855871756840615e-06
5.896533372526379026e-06
5.790654301641552521e-06
5.703737850677267211e-06
5.633563333924348019e-06
5.578133191946094955e-06
5.535641486148554253e-06
5.504447400568793819e-06
5.483053313441675603e-06
5.470087006157244917e-06
5.464287564441616430e-06
5.464494510839757503e-06
5.469639697607352706e-06
5.478741489410382167e-06
5.490900777322237571e-06
5.505298389097424482e-06
5.521193493994635824e-06
5.537922641294666906e-06
5.554899117653516449e-06
5.571612357146082671e-06
5.587627187125020502e-06
5.602582741021769927e-06
5.616190914523315993e-06
5.628234283134062147e-06
5.638563436309179338e-06
5.647093715773858480e-06
5.653801373232311261e-06
5.658719185528806221e-06
5.661931583698810502e-06
5.663569366575399984e-06
5.663804080073277949e-06
5.662842150347512234e-06
5.660918863091547965e-06
5.658292282645881527e-06
5.655237203648103064e-06
5.652039224946624789e-06
5.648989030674439665e-06
5.646376956965308078e-06
5.644487915008703490e-06
5.643596732194013805e-06
5.643963963203349230e-06
5.645832212298249376e-06
5.649422996941705451e-06
5.654934171545971422e-06
5.662537918789462770e-06
5.672379304856272798e-06
5.684575384369548010e-06
5.699214830954147260e-06
5.716358060494652768e-06
5.736037806444811662e-06
5.758260100152971708e-06
5.783005604213698732e-06
5.810231243413440823e-06
5.839872075935053446e-06
5.871843347103188155e-06
5.906042669023403902e-06
5.942352271884997211e-06
5.980641276314241792e-06
6.020767940803936948e-06
6.062581843705826285e-06
6.105925965337382028e-06
6.150638642199407882e-06
6.196555371902731390e-06
6.243510453945892846e-06
6.291338457773250734e-06
6.339875515396996163e-06
6.388960441138577252e-06
6.438435685615251498e-06
6.488148134880541664e-06
6.537949768570650988e-06
6.587698192993258628e-06
6.637257066333058299e-06
6.686496433580917573e-06
6.735292988486878027e-06
6.783530278878111722e-06
6.831098870174604878e-06
6.877896479991281254e-06
6.923828094455679316e-06
6.968806074415937114e-06
7.012750257182227583e-06
7.055588056946316776e-06
7.097254564657752146e-06
7.137692645986953232e-06
7.176853034145829792e-06
7.214694412818376330e-06
7.251183483313186660e-06
7.286295009305801781e-06
7.320011832193265755e-06
7.352324850123487278e-06
7.383232954161358712e-06
7.412742915774328843e-06
7.440869220815430075e-06
7.467633846397713774e-06
7.493065978433352568e-06
7.517201669093141244e-06
7.540083434969251192e-06
7.561759798238615354e-06
7.582284774574425826e-06
7.601717312891781389e-06
7.620120693201264872e-06
7.637561889848810522e-06
7.654110908217869882e-06
7.669840103545397022e-06
7.684823490848658373e-06
7.699136055076430889e-06
7.712853070493017751e-06
7.726049437990758229e-06
7.738799048525731605e-06
7.751174180205902214e-06
7.763244935757638473e-06
7.775078726184977187e-06
7.786739805445689041e-06
7.798288859929794711e-06
7.809782655468575701e-06
7.821273743553116029e-06
7.832810227426016632e-06
7.844435587750322368e-06
7.856188566674724932e-06
7.868103108319034056e-06
7.880208353009854038e-06
7.892528682011321333e-06
7.905083809023179007e-06
7.917888914359206610e-06
7.930954817470125162e-06
7.944288183331069095e-06
7.957891758166833762e-06
7.971764630028249689e-06
7.985902509849217184e-06
8.000298028793631250e-06
8.014941047931984047e-06
8.029818976556063562e-06
8.044917095733906311e-06
8.060218884014753437e-06
8.075706342503553419e-06
8.091360316827606017e-06
8.107160813805262478e-06
8.123087310892023225e-06
8.139119056717543014e-06
8.155235361234595219e-06
8.171415874176006676e-06
8.187640850657979349e-06
8.203891402878791885e-06
8.220149736943401024e-06
8.236399373900123050e-06
8.252625354110017559e-06
8.268814424087661292e-06
8.284955204959302936e-06
8.301038341686636115e-06
8.317056632207426274e-06
8.333005135653402253e-06
8.348881258826499390e-06
8.364684820151310714e-06
8.380418090378447151e-06
8.396085809393513344e-06
8.411695178591952735e-06
8.427255828412345847e-06
8.442779760780282658e-06
8.458281266400865535e-06
8.473776817048920548e-06
8.489284933239335572e-06
8.504826027912503456e-06
8.520422227037346567e-06
8.536097168312447791e-06
8.551875779429042238e-06
8.567784037642460046e-06
8.583848712675615897e-06
8.600097095243058843e-06
8.616556713731604174e-06
8.633255041797892185e-06
8.650219199839095054e-06
8.667475653455931691e-06
8.685049912152828107e-06
8.702966231604901322e-06
8.721247322862932561e-06
8.739914071863414424e-06
8.758985272560107583e-06
8.778477376896047342e-06
8.798404264691298866e-06
8.818777036333083299e-06
8.839603830923966997e-06
8.860889672273165543e-06
8.882636344809667785e-06
8.904842301158115520e-06
8.927502602754085889e-06
8.950608894489791488e-06
8.974149413980275221e-06
8.998109035629321906e-06
9.022469349259979081e-06
9.047208772662592813e-06
9.072302697009646314e-06
9.097723663697023538e-06
9.123441570801354571e-06
9.149423906997642309e-06
9.175636010465192875e-06
9.202041350026961500e-06
9.228601825521689486e-06
9.255278084201902844e-06
9.282029849786986348e-06
9.308816260680198622e-06
9.335596213782819966e-06
9.362328710307856968e-06
9.388973200009461780e-06
9.415489920301427435e-06
9.441840226837121795e-06
9.467986912261973508e-06
9.493894510025391138e-06
9.519529580348588173e-06
9.544860975684901818e-06
9.569860083275788629e-06
9.594501042695038358e-06
9.618760936581083118e-06
9.642619953079095590e-06
9.666061518845382120e-06
9.689072401803124724e-06
9.711642783175675677e-06
9.733766298657696751e-06
9.755440048911196777e-06
9.776664579889410295e-06
9.797443833793095236e-06
9.817785071747666661e-06
9.837698769553292021e-06
9.857198488100983119e-06
9.876300720263760831e-06
9.895024716261502365e-06
9.913392289659840476e-06
9.931427606296649451e-06
9.949156958533548068e-06
9.966608527304461458e-06
9.983812134478950751e-06
1.000079898807506677e-05
1.001760142284593847e-05
1.003425263872742527e-05
1.005078643957217840e-05
1.006723697451024801e-05
1.008363848416954185e-05
1.010002505386332817e-05
1.011643037570863200e-05
1.013288752148076229e-05
1.014942872783834185e-05
1.016608519537170319e-05
1.018288690273835065e-05
1.019986243695448507e-05
1.021703884071351349e-05
1.023444147740374779e-05
1.025209391429969318e-05
1.027001782420712179e-05
1.028823290565276537e-05
1.030675682152739671e-05
1.032560515591737823e-05
1.034479138869611469e-05
1.036432688729464871e-05
1.038422091493063159e-05
1.040448065444833326e-05
1.042511124680969813e-05
1.044611584317838070e-05
1.046749566945552289e-05
1.048925010205784233e-05
1.051137675367558471e-05
1.053387156770966532e-05
1.055672892006385692e-05
1.057994172695828742e-05
1.060350155743485637e-05
1.062739874924208425e-05
1.065162252681600738e-05
1.067616112011417406e-05
1.070100188311008534e-05
1.072613141081545885e-05
1.075153565376533910e-05
1.077720002897619998e-05
1.080310952646789507e-05
1.082924881052609750e-05
1.085560231497113811e-05
1.088215433179107055e-05
1.090888909259024696e-05
1.093579084239856627e-05
1.096284390547996086e-05
1.099003274287056542e-05
1.101734200146679706e-05
1.104475655456995096e-05
1.107226153387682052e-05
1.109984235298400613e-05
1.112748472254691142e-05
1.115517465730219533e-05
1.118289847522434746e-05
1.121064278914278093e-05
1.123839449119515414e-05
1.126614073053546602e-05
1.129386888475154245e-05
1.132156652547626943e-05
1.134922137869986261e-05
1.137682128030740369e-05
1.140435412737633140e-05
1.143180782577349808e-05
1.145917023459061292e-05
1.148642910795105247e-05
1.151357203471034910e-05
1.154058637655789636e-05
1.156745920500863119e-05
1.159417723775144041e-05
1.162072677479626804e-05
1.164709363483470209e-05
1.167326309220006077e-05
1.169921981478265572e-05
1.172494780322519815e-05
1.175043033169199902e-05
1.177564989047469748e-05
1.180058813066690977e-05
1.182522581111093550e-05
1.184954274779186565e-05
1.187351776582841080e-05
1.189712865418581865e-05
1.192035212321483922e-05
1.194316376510166260e-05
1.196553801729765266e-05
1.198744812898447239e-05
1.200886613061997653e-05
1.202976280660299637e-05
1.205010767109107089e-05
1.206986894700386200e-05
1.208901354824676380e-05
1.210750706519358961e-05
1.212531375347413770e-05
1.214239652612168421e-05
1.215871694914682778e-05
1.217423524061702050e-05
1.218891027333574839e-05
1.220269958123078443e-05
1.221555936957717829e-05
1.222744452919726898e-05
1.223830865479640033e-05
1.224810406760895668e-05
1.225678184254443731e-05
1.226429184003681172e-05
1.227058274281247333e-05
1.227560209780179390e-05
1.227929636342650814e-05
1.228161096249969949e-05
1.228249034097610535e-05
1.228187803278829802e-05
1.227971673099811298e-05
1.227594836548271271e-05
1.227051418736027994e-05
1.226335486034192976e-05
1.225441055917349079e-05
1.224362107530341088e-05
1.223092592988143138e-05
1.221626449415662443e-05
1.219957611730320447e-05
1.218080026165835753e-05
1.215987664530846072e-05
1.213674539190867005e-05
1.211134718756640559e-05
1.208362344456216787e-05
1.205351647162158159e-05
1.202096965039150836e-05
1.198592761771049166e-05
1.194833645320069642e-05
1.190814387164521715e-05
1.186529941955179902e-05
1.181975467524233858e-05
1.177146345174751712e-05
1.172038200172837706e-05
1.166646922359192513e-05
1.160968686791695964e-05
1.154999974325945633e-05
1.148737592036486136e-05
1.142178693377800102e-05
1.135320797981062602e-05
1.128161810980194290e-05
1.120700041759008185e-05
1.112934222010163014e-05
1.104863522996346374e-05
1.096487571904551230e-05
1.087806467185566288e-05
1.078820792772849911e-05
1.069531631077798196e-05
1.059940574662078197e-05
1.050049736492148445e-05
1.039861758686297824e-05
1.029379819670526614e-05
1.018607639666270345e-05
1.007549484440352381e-05
9.962101672555690048e-06
9.845950489689008487e-06
9.727100362334877704e-06
9.605615777700956970e-06
9.481566586838138794e-06
9.355027928120449661e-06
9.226080131004553317e-06
9.094808600143088859e-06
8.961303680034994189e-06
8.825660500504732870e-06
8.687978803410845659e-06
8.548362751091131696e-06
8.406920717156516875e-06
8.263765060347405767e-06
8.119011882264435439e-06
7.972780769878865442e-06
7.825194523816419260e-06
7.676378873490747823e-06
7.526462180238815313e-06
7.375575129679642341e-06
7.223850414579393727e-06
7.071422409559501729e-06
6.918426839029980057e-06
6.765000439766854534e-06
6.611280619580696798e-06
6.457405113542289569e-06
6.303511639241475811e-06
6.149737552556157197e-06
5.996219505400350334e-06
5.843093106903287996e-06
5.690492589445857065e-06
5.538550480946682715e-06
5.387397284747989565e-06
5.237161168401467546e-06
5.087967662597294641e-06
4.939939371415453260e-06
4.793195695008336777e-06
4.647852565747677451e-06
4.504022198787891247e-06
4.361812857912450837e-06
4.221328637440650409e-06
4.082669260879761220e-06
3.945929896912640536e-06
3.811200993214379099e-06
3.678568128493698477e-06
3.548111883056832920e-06
3.419907728093635833e-06
3.294025933788756743e-06
3.170531496265211815e-06
3.049484083274346932e-06
2.930937998455507375e-06
2.814942163901252470e-06
2.701540120680180316e-06
2.590770046889797324e-06
2.482664792736791334e-06
2.377251932071890018e-06
2.274553829741562008e-06
2.174587724059363717e-06
2.077365823645980374e-06
1.982895417839182963e-06
1.891178999833021480e-06
1.802214401669807733e-06
1.715994940178735839e-06
1.632509572931369087e-06
1.551743063266624734e-06
1.473676153426203864e-06
1.398285744835495699e-06
1.325545084564673789e-06
1.255423957009768469e-06
1.187888879843721989e-06
1.122903303302523634e-06
1.060427811891213366e-06
1.000420327618503381e-06
9.428363138966884638e-07
8.876289792750326205e-07
8.347494802096107436e-07
7.841471221102565645e-07
7.357695579454868801e-07
6.895629837286579851e-07
6.454723302528010103e-07
6.034414504872277786e-07
5.634133020957396585e-07
5.253301245837709576e-07
4.891336106297255387e-07
4.547650712038005233e-07
4.221655941254375652e-07
3.912761957579128077e-07
3.620379655852035302e-07
3.343922034619661208e-07
3.082805493703678409e-07
2.836451056087657094e-07
2.604285499375495754e-07
2.385742796294560795e-07
2.180254040146494926e-07
1.987560325677701220e-07
