2.194515448968552551e+00
1.963445655363377451e+00
3.737973800650692350e-03
3.759145469002640304e-03
3.803592194803665557e-03
3.842918645419809900e-03
3.863198988780873564e-03
3.857124691913294857e-03
3.821194332935559743e-03
3.754450886225797496e-03
3.657776493626712158e-03
3.533412011822828838e-03
3.384578992891852135e-03
3.215158581712032788e-03
3.029411958821118505e-03
2.831738734400850339e-03
2.626473636894586811e-03
2.417722322209338390e-03
2.209236165157152983e-03
2.004324470748060361e-03
1.805801157894111955e-03
1.615961863585973091e-03
1.436586687337094255e-03
1.268963453596859848e-03
1.113926374348125957e-03
9.719052797579117277e-04
8.429810761111435633e-04
7.269437126112065573e-04
6.233496247582218661e-04
5.315763160022117777e-04
4.508723981806994608e-04
3.804020047023831848e-04
3.192830000757820581e-04
2.666188267274080905e-04
2.215241545578010621e-04
1.831447356655557562e-04
1.506720252919198681e-04
1.233532220497998353e-04
1.004974171771906300e-04
8.147854035399769326e-05
6.573574409779917136e-05
5.277184659314219489e-05
4.215026677466778747e-05
3.349119242722138243e-05
2.646645045778561877e-05
2.079607919300502719e-05
1.623911821986084996e-05
1.260004778432133145e-05
9.694899148059000932e-06
7.418558897885965844e-06
