3.830862515468042240e+00
2.292536576736456944e+00
2.653979494235062173e-05
1.991934779188676499e-05
1.550489516600058956e-05
1.243322126988200249e-05
1.026747997215229243e-05
8.744417602855864731e-06
7.688059963791043071e-06
6.974015090700837554e-06
6.511940064684910766e-06
6.235429468579145444e-06
6.095385319076701284e-06
6.055312378627854782e-06
6.087867125191694407e-06
6.172321582687028329e-06
6.292728453260587669e-06
6.436624351747018952e-06
6.594135050763151257e-06
6.757368960192727038e-06
6.920007423494661477e-06
7.077022534522317750e-06
7.224473432699624022e-06
7.359349007668290781e-06
7.479437938073326050e-06
7.583216017315721005e-06
7.669746305791414398e-06
7.738590581891158641e-06
7.789731683975155134e-06
7.823506393176529646e-06
7.840548085719749712e-06
7.841737878845093452e-06
7.828162630309286495e-06
7.801078017246633050e-06
7.761875014420879194e-06
7.712048362413296930e-06
7.653165992078173662e-06
7.586838784297892186e-06
7.514690439713267774e-06
7.438327576072051670e-06
7.359310442609222911e-06
7.279124835972086236e-06
7.199155923351887053e-06
7.120664732292603968e-06
7.044768060598521581e-06
6.972422500657822970e-06
6.904413166196109330e-06
6.841347561492002568e-06
6.783654849613351764e-06
6.731590565084085417e-06
6.685246587610832382e-06
6.644565959411351975e-06
6.609361903388428305e-06
6.579340197755737901e-06
6.554123899100299755e-06
6.533279292707633811e-06
6.516341895553748439e-06
6.502841348808256925e-06
6.492324113412814412e-06
6.484373019922135734e-06
6.478622913523145871e-06
6.474771864536397842e-06
6.472587668732028137e-06
6.471909624107715487e-06
6.472645824982657189e-06
6.474766445131278643e-06
6.478293676189088899e-06
6.483289135678278057e-06
6.489839654182885590e-06
6.498042390607725929e-06
6.507990208851472503e-06
6.519758182670783979e-06
6.533391984836421031e-06
6.548898770827438193e-06
6.566240996607974812e-06
6.585333425464276431e-06
6.606043391373872195e-06
6.628194206178645038e-06
6.651571433983669533e-06
6.675931616155582400e-06
6.701012919647322744e-06
6.726547103750240981e-06
6.752272157405521505e-06
6.777944950647825773e-06
6.803353267665499324e-06
6.828326641967649477e-06
6.852745491737618741e-06
6.876548150301966931e-06
6.899735496950633754e-06
6.922373011138686005e-06
6.944590192543311038e-06
6.966577405084092180e-06
6.988580309979657903e-06
7.010892147108852701e-06
7.033844202144010359e-06
7.057794856842771078e-06
7.083117660197160579e-06
7.110188878453619829e-06
7.139374982819347547e-06
7.171020516223866492e-06
7.205436746741092599e-06
7.242891467658350643e-06
7.283600245552569528e-06
7.327719351186865369e-06
7.375340536750255209e-06
7.426487750061884010e-06
7.481115804808970234e-06
7.539110958367235895e-06
7.600293287578698624e-06
7.664420699916555359e-06
7.731194374157988490e-06
7.800265391924373848e-06
7.871242299654195243e-06
7.943699329695904762e-06
8.017185008766115800e-06
8.091230891158363042e-06
8.165360171647395156e-06
8.239095957617408321e-06
8.311969009997836067e-06
8.383524796486109692e-06
8.453329736637676367e-06
8.520976555137791934e-06
8.586088695487198967e-06
8.648323780157128986e-06
8.707376133928206214e-06
8.762978413785739250e-06
8.814902410808958115e-06
8.862959106618528222e-06
8.906998079024898464e-06
8.946906358658038118e-06
8.982606840853259926e-06
9.014056355375824268e-06
9.041243491266625899e-06
9.064186265847421750e-06
9.082929716449409960e-06
9.097543481448587169e-06
9.108119424411232202e-06
9.114769342231263208e-06
9.117622785664694412e-06
9.116825009133887201e-06
9.112535056483187936e-06
9.104923980808087236e-06
9.094173189734688578e-06
9.080472902671958741e-06
9.064020703576314639e-06
9.045020171551072241e-06
9.023679571974371863e-06
9.000210592574029272e-06
8.974827111671978142e-06
8.947743989405511215e-06
8.919175876791868478e-06
8.889336041736299842e-06
8.858435215212683321e-06
8.826680464620373693e-06
8.794274104531829857e-06
8.761412657528747769e-06
8.728285879464606949e-06
8.695075864224880989e-06
8.661956242866928601e-06
8.629091490942275387e-06
8.596636355906935801e-06
8.564735413920210617e-06
8.533522762156189379e-06
8.503121849163129136e-06
8.473645441975345360e-06
8.445195724785221775e-06
8.417864520192635996e-06
8.391733620528015814e-06
8.366875213639772530e-06
8.343352384972419752e-06
8.321219675838042071e-06
8.300523676572671666e-06
8.281303632812509009e-06
8.263592043434700698e-06
8.247415229765931330e-06
8.232793857424414573e-06
8.219743394556962193e-06
8.208274493170948560e-06
8.198393283632474020e-06
8.190101576084655381e-06
8.183396966403480414e-06
8.178272848218935025e-06
8.174718336353287569e-06
8.172718110638989330e-06
8.172252192357482516e-06
8.173295668382683676e-06
8.175818380429996174e-06
8.179784598533538693e-06
8.185152698950664188e-06
8.191874867095433368e-06
8.199896845824619114e-06
8.209157748455432404e-06
8.219589954318445236e-06
8.231119102496128268e-06
8.243664196737174980e-06
8.257137831454551563e-06
8.271446545307369497e-06
8.286491305237229680e-06
8.302168120089348718e-06
8.318368779207413154e-06
8.334981707759866963e-06
8.351892927137754551e-06
8.368987105658076797e-06
8.386148682097894396e-06
8.403263042346941365e-06
8.420217727758981234e-06
8.436903652647434473e-06
8.453216307834366189e-06
8.469056927231967673e-06
8.484333595102813941e-06
8.498962272883516146e-06
8.512867726224001546e-06
8.525984335135850333e-06
8.538256772789698507e-06
8.549640541475462307e-06
8.560102357454678367e-06
8.569620379800737086e-06
8.578184281747747484e-06
8.585795166459861454e-06
8.592465332401199194e-06
8.598217896548770431e-06
8.603086286471315673e-06
8.607113614730519096e-06
8.610351951092929309e-06
8.612861509630103759e-06
8.614709768902584482e-06
8.615970544055863569e-06
8.616723029803763557e-06
8.617050832948387632e-06
8.617041012312534774e-06
8.616783142775819783e-06
8.616368418557434706e-06
8.615888809030280919e-06
8.615436278245231514e-06
8.615102077055454950e-06
8.614976114327491802e-06
8.615146411276087648e-06
8.615698640530926696e-06
8.616715749198381336e-06
8.618277662979298624e-06
8.620461066396728947e-06
8.623339252420269548e-06
8.626982033283081897e-06
8.631455703101277403e-06
8.636823042041648173e-06
8.643143351252155477e-06
8.650472507570249603e-06
8.658863027148542516e-06
8.668364127569629533e-06
8.679021778738215737e-06
8.690878733809844728e-06
8.703974532606592859e-06
8.718345471342829294e-06
8.734024533996580524e-06
8.751041282271680081e-06
8.769421702758609913e-06
8.789188011574868855e-06
8.810358418407048564e-06
8.832946853447250527e-06
8.856962662179981315e-06
8.882410274299555394e-06
8.909288854194297492e-06
8.937591941399011892e-06
8.967307090172647958e-06
8.998415517890376856e-06
9.030891772240321478e-06
9.064703427281284022e-06
9.099810818251146709e-06
9.136166824622243761e-06
9.173716710290738755e-06
9.212398028976825638e-06
9.252140601919384919e-06
9.292866573794672944e-06
9.334490551497217104e-06
9.376919829019333310e-06
9.420054700180892593e-06
9.463788859422875540e-06
9.508009889315914535e-06
9.552599831878494024e-06
9.597435839278128236e-06
9.642390898030226386e-06
9.687334619441509033e-06
9.732134087791520152e-06
9.776654756630687729e-06
9.820761382616130018e-06
9.864318985524095164e-06
9.907193822484844646e-06
9.949254364091930839e-06
9.990372259850443471e-06
1.003042328045077684e-05
1.006928822458545556e-05
1.010685377846207214e-05
1.014301331679770825e-05
1.017766763489787112e-05
1.021072560241162142e-05
1.024210473049632886e-05
1.027173164540079965e-05
1.029954246286137438e-05
1.032548305917847337e-05
1.034950923637498722e-05
1.037158678040664087e-05
1.039169141297140422e-05
1.040980863902302103e-05
1.042593349360725215e-05
1.044007019308293382e-05
1.045223169714024129e-05
1.046243918926390640e-05
1.047072148439005018e-05
1.047711437345553895e-05
1.048165991532376852e-05
1.048440568718048232e-05
1.048540400491962551e-05
1.048471112527821579e-05
1.048238644152979121e-05
1.047849168441059036e-05
1.047309013963647036e-05
1.046624589288029072e-05
1.045802311243022546e-05
1.044848537895280714e-05
1.043769507085632166e-05
1.042571281270831635e-05
1.041259699302442721e-05
1.039840335653476678e-05
1.038318467477006820e-05
1.036699049751349398e-05
1.034986698635718966e-05
1.033185683030604531e-05
1.031299924210485568e-05
1.029333003274813748e-05
1.027288176048236096e-05
1.025168394954385163e-05
1.022976337290693976e-05
1.020714439245828226e-05
1.018384934927458605e-05
1.015989899607070192e-05
1.013531296340874240e-05
1.011011025091993676e-05
1.008430973459079797e-05
1.005793068110298025e-05
1.003099326028856113e-05
1.000351904696505161e-05
9.975531503739840997e-06
9.947056436814085870e-06
9.918122417361067554e-06
9.888761161692966248e-06
9.859007864150301455e-06
9.828901477437553707e-06
9.798484935972374724e-06
9.767805318701335568e-06
9.736913948747179717e-06
9.705866428178088978e-06
9.674722607113691561e-06
9.643546487293008860e-06
9.612406061112860719e-06
9.581373087989893274e-06
9.550522810694330510e-06
9.519933615038575335e-06
9.489686636970810906e-06
9.459865321714502505e-06
9.430554940103939827e-06
9.401842067688398659e-06
9.373814032510147630e-06
9.346558337702560857e-06
9.320162065203681850e-06
9.294711266938599035e-06
9.270290349793483133e-06
9.246981460588846953e-06
9.224863877063959155e-06
9.204013410614898946e-06
9.184501826191999037e-06
9.166396284366226226e-06
9.149758810127044275e-06
9.134645792485165917e-06
9.121107518432138597e-06
9.109187744264159479e-06
9.098923306719827107e-06
9.090343775820228695e-06
9.083471150744157512e-06
9.078319599530397228e-06
9.074895242881037539e-06
9.073195981852919339e-06
9.073211368774719581e-06
9.074922520321760378e-06
9.078302071323644901e-06
9.083314167575742867e-06
9.089914495677008612e-06
9.098050347725590193e-06
9.107660718570429335e-06
9.118676433241472995e-06
9.131020302161322154e-06
9.144607301774565668e-06
9.159344778314125696e-06
9.175132672552104097e-06
9.191863763550634924e-06
9.209423929630152021e-06
9.227692425001842000e-06
9.246542170760775118e-06
9.265840059199550820e-06
9.285447270671334403e-06
9.305219602499387787e-06
9.325007809689657117e-06
9.344657957447703004e-06
9.364011785723998362e-06
9.382907086207217359e-06
9.401178092347779473e-06
9.418655883119575088e-06
9.435168801312334618e-06
9.450542887188262195e-06
9.464602328331633683e-06
9.477169926469160581e-06
9.488067581940992491e-06
9.497116796359034854e-06
9.504139193802260864e-06
9.508957060670749739e-06
9.511393904054982621e-06
9.511275028178675184e-06
9.508428128147277704e-06
9.502683899885671861e-06
9.493876664783812007e-06
9.481845007194378709e-06
9.466432422548600148e-06
9.447487973482298086e-06
9.424866951000534729e-06
9.398431537362700390e-06
9.368051467047284298e-06
9.333604681862822726e-06
9.294977976014344177e-06
9.252067626718717607e-06
9.204780005791695166e-06
9.153032167508564276e-06
9.096752407972210575e-06
9.035880791209487819e-06
8.970369637260889101e-06
8.900183967630117025e-06
8.825301903619633229e-06
8.745715013294257665e-06
8.661428603086135082e-06
8.572461950378091705e-06
8.478848473775516266e-06
8.380635838195242416e-06
8.277885992359411310e-06
8.170675136777214546e-06
8.059093620822738976e-06
7.943245768066430710e-06
7.823249629585094197e-06
7.699236665553908123e-06
7.571351356007436301e-06
7.439750742238121022e-06
7.304603900873783599e-06
7.166091353233816840e-06
7.024404413100672250e-06
6.879744476553261108e-06
6.732322257986147584e-06
6.582356976878302509e-06
6.430075500272619379e-06
6.275711446278901820e-06
6.119504254214751649e-06
5.961698227248319198e-06
5.802541553601790855e-06
5.642285312513656280e-06
5.481182471240056523e-06
5.319486879401144643e-06
5.157452266947614321e-06
4.995331251936637409e-06
4.833374364167252515e-06
4.671829090534854044e-06
4.510938947725970145e-06
4.350942587590929713e-06
4.192072940207446575e-06
4.034556399286289729e-06
3.878612054175663106e-06
3.724450972298286154e-06
3.572275535409126614e-06
3.422278832597356131e-06
3.274644112478230448e-06
3.129544296534227091e-06
2.987141555074833060e-06
2.847586946795575626e-06
2.711020122433896338e-06
2.577569092546596509e-06
2.447350058975054307e-06
2.320467309123931884e-06
2.197013171760287793e-06
2.077068032645923673e-06
1.960700407949227917e-06
1.847967073046140446e-06
1.738913244015035007e-06
1.633572808858931170e-06
1.531968605251635113e-06
1.434112741402883504e-06
1.340006956471746651e-06
1.249643016827321055e-06
1.163003144360829148e-06
1.080060472992981611e-06
1.000779529489092260e-06
9.251167348471505519e-07
8.530209180958488646e-07
7.844339665516456957e-07
7.192878117783007543e-07
6.576063720809583423e-07
