8.796550154130626797e-01
5.086484052941018380e-02
5.052660166006576158e-03
6.796259587999084993e-04
1.124340581445646987e-04
2.171799850862529279e-05
4.741803260297249732e-06
1.144660444209555213e-06
3.006728155659920731e-07
8.491395731991990196e-08
2.554301887994815949e-08
8.123326748651965373e-09
2.714719558539967917e-09
9.485464930172251138e-10
3.450619361031239622e-10
1.302197500253766491e-10
5.082227026012428583e-11
2.045797934599396234e-11
8.473897922802904577e-12
3.604270772397302044e-12
1.571336183970969896e-12
7.010168594306320162e-13
3.195650230399606280e-13
1.486580889927091876e-13
7.048527431049820513e-14
3.402662325119855277e-14
1.670792834892970943e-14
8.337212898515703688e-15
4.224360673919810941e-15
2.171828804501190479e-15
1.132230243466704878e-15
5.982071490070026318e-16
3.201794083660180753e-16
1.735603625480243362e-16
9.528331399582628932e-17
5.299504578255371880e-17
2.988570471608302551e-17
1.711440338915166245e-17
9.976962935170533844e-18
5.942275553883614806e-18
3.633861231437715809e-18
2.295470416291649363e-18
1.507527814892817416e-18
1.035053914285166931e-18
7.452578122277383917e-19
5.624397577709786789e-19
4.430765613270968748e-19
3.619318131418816822e-19
3.042449958341740233e-19
2.613026675565517356e-19
2.279075810299441625e-19
2.009216693831364457e-19
1.784213943510457042e-19
1.592048684632213179e-19
1.425024542653577272e-19
1.278058207624872170e-19
1.147663763618317364e-19
1.031345628359211533e-19
9.272334542376035225e-20
8.338610710433062234e-20
7.500316427745000198e-20
6.747347179518717930e-20
6.070946980985995673e-20
5.463384373336518906e-20
4.917745489326252346e-20
4.427798968931590030e-20
3.987904939364396484e-20
3.592950843548245200e-20
3.238303390913156525e-20
2.919769953450604400e-20
2.633565301972236593e-20
2.376281238348130591e-20
2.144857762582710197e-20
1.936555117711194421e-20
1.748926502349630868e-20
1.579791508175726745e-20
1.427210480543661616e-20
1.289460053067755722e-20
1.165010100341982099e-20
1.052502309513651366e-20
9.507305086260198221e-21
8.586228205801682045e-21
7.752256455437906164e-21
6.996894176712607305e-21
6.312560373664665529e-21
5.692478491104806498e-21
5.130580165752988215e-21
4.621421397651770786e-21
4.160109610781829744e-21
3.742240160531905061e-21
3.363840978229501420e-21
3.021324198607442946e-21
2.711443777959724840e-21
2.431258266174354683e-21
2.178098036335281803e-21
1.949536396395713843e-21
1.743364106838673181e-21
1.557566906869352396e-21
1.390305711712423517e-21
1.239899188106996796e-21
1.104808447545734480e-21
9.836236205657541897e-22
8.750520934784983762e-22
7.779082038005975252e-22
6.911042041882978212e-22
6.136423181532310446e-22
5.446077249741469312e-22
4.831623262952149499e-22
4.285391628523590371e-22
3.800373662975699300e-22
3.370175477666345643e-22
2.988975411786210447e-22
2.651484348026577430e-22
2.352908389789461858e-22
2.088913507277292425e-22
1.855591871174190417e-22
1.649429685910794800e-22
1.467276409644710410e-22
1.306315305853767543e-22
1.164035313224277943e-22
1.038204248158107773e-22
9.268433698188479480e-23
8.282033433889179127e-23
7.407416352854637686e-23
6.631013665201084396e-23
5.940916390179298295e-23
5.326693361175579697e-23
4.779223839711462863e-23
4.290544461944351756e-23
3.853710106716126852e-23
3.462668154535024334e-23
3.112145505553104976e-23
2.797547643471671323e-23
2.514868971865136065e-23
2.260613609108458110e-23
2.031725806608797817e-23
1.825529150545446099e-23
1.639673717667223478e-23
1.472090378590646830e-23
1.320951475173714638e-23
1.184637139674559988e-23
1.061706570451018706e-23
9.508736300137376211e-24
8.509861846227501566e-24
7.610086588507320859e-24
6.800073323857071165e-24
6.071379587897743168e-24
5.416353361518506098e-24
4.828045069443407750e-24
4.300133084606765354e-24
3.826860356703554110e-24
3.402980150116624584e-24
3.023709204957669305e-24
2.684686925618506552e-24
2.381939455227604163e-24
2.111847713582727092e-24
1.871118662794722894e-24
1.656759221673309786e-24
1.466052379664713067e-24
1.296535166863399360e-24
1.145978221220693016e-24
1.012366760443240831e-24
8.938828169590262269e-25
7.888886322885846629e-25
6.959111345361159754e-25
6.136274416107225250e-25
5.408513450525811983e-25
4.765207365708771956e-25
4.196859429532911722e-25
3.694989360022670540e-25
3.252033834987283272e-25
2.861255056038702730e-25
2.516656991284605852e-25
2.212908901244106918e-25
1.945275735594715496e-25
1.709554975957515222e-25
1.502019492986200589e-25
1.319365984845299886e-25
1.158668568585117114e-25
1.017337105467324703e-25
8.930798552828614674e-26
7.838700723399281520e-26
6.879161762537520849e-26
6.036351531284151350e-26
5.296288664275233601e-26
4.646629811095195828e-26
4.076482288755883366e-26
3.576237661653771501e-26
3.137423994605648847e-26
2.752574742356673679e-26
2.415112443320304755e-26
2.119245575021283971e-26
1.859877103175867521e-26
1.632523415477579939e-26
1.433242475284501924e-26
1.258570160150184697e-26
1.105463866341518768e-26
9.712525641163227873e-27
8.535925806372343640e-27
7.504284690460342028e-27
6.599583944676214852e-27
5.806035315659379039e-27
5.109810246827849185e-27
4.498801114277272593e-27
3.962410546453457276e-27
3.491365666751090449e-27
3.077554443688051791e-27
2.713881639944212218e-27
2.394142124167914579e-27
2.112909552236214438e-27
1.865438641230815209e-27
1.647579452884326893e-27
1.455702276350016646e-27
1.286631855167297238e-27
1.137589842230671475e-27
1.006144491147293564e-27
8.901667040857948709e-28
7.877916563836970268e-28
6.973853079401278408e-28
6.175151917882259169e-28
5.469249421193880487e-28
4.845120882266520336e-28
4.293086980746514366e-28
3.804645061480916674e-28
3.372322054802327502e-28
2.989546238665850505e-28
2.650535397307130139e-28
2.350199243915033762e-28
2.084054250102149550e-28
1.848149266624834481e-28
1.639000531447914102e-28
1.453534846163893010e-28
1.289039862977465226e-28
1.143120564701310964e-28
1.013661141974102068e-28
8.987915774629244696e-29
7.968583381811066207e-29
7.063986560580796573e-29
6.261179451615733773e-29
5.548699629313384148e-29
4.916393737047153033e-29
4.355264168089438974e-29
3.857334195324222399e-29
3.415529282083594327e-29
3.023572591758267459e-29
2.675892961495292664e-29
2.367543820652178883e-29
2.094131722284860853e-29
1.851753319685292332e-29
1.636939763144212672e-29
1.446607617486175664e-29
1.278015510872942383e-29
1.128725821905359825e-29
9.965707968808320895e-30
8.796225636411706733e-30
7.761665740239849957e-30
6.846780645874249240e-30
6.038011759474475953e-30
5.323304155642189563e-30
4.691941878555722527e-30
4.134401497324577499e-30
3.642221796045537087e-30
3.207887740927134708e-30
2.824727095542574187e-30
2.486818254757209011e-30
2.188908041718378718e-30
1.926338363677887382e-30
1.694980754181776311e-30
1.491177943836506968e-30
1.311691701687476460e-30
1.153656276205413687e-30
1.014536840710697357e-30
8.920924143000264493e-31
7.843427873024283960e-31
6.895390311341643652e-31
6.061372171378763156e-31
5.327750084333696323e-31
4.682508237047838955e-31
4.115053028223310943e-31
3.616048317730954043e-31
3.177269090004119528e-31
2.791471573018716386e-31
2.452278052302039177e-31
2.154074797481106375e-31
1.891921679353578004e-31
1.661472200276864966e-31
1.458902791478798576e-31
1.280850349118758491e-31
1.124357087804866549e-31
9.868218868786141208e-32
8.659573920634259624e-32
7.597522138839344012e-32
6.664376353566746239e-32
5.844583055163412048e-32
5.124464529984567190e-32
4.491992057198555105e-32
3.936586492064014049e-32
3.448942977949338488e-32
3.020876902277599993e-32
2.645188544728405386e-32
2.315544163188198522e-32
2.026371527589980899e-32
1.772768147120674246e-32
1.550420645233668585e-32
1.355533922173000118e-32
1.184768908748788703e-32
1.035187860137749210e-32
9.042062665513509156e-33
7.895505705604429728e-33
6.892209803565684041e-33
6.014587557705913418e-33
5.247174208128117028e-33
4.576374240612516268e-33
3.990238274959565105e-33
3.478266563312358058e-33
3.031235879042555052e-33
2.641046975116887159e-33
2.300590139344247282e-33
2.003626678643491718e-33
1.744684430875639403e-33
1.518965635630284681e-33
1.322265698860326984e-33
1.150901564133938472e-33
1.001648558780501434e-33
8.716847192109109712e-34
7.585417186987243906e-34
6.600616251089055790e-34
5.743588073679170943e-34
4.997863895492577202e-34
4.349067217521789862e-34
3.784653987379299255e-34
3.293684116507562669e-34
2.866620660376253556e-34
2.495153416123002402e-34
2.172044064967283992e-34
1.890990316311335219e-34
1.646506802064985367e-34
1.433820728008802155e-34
1.248780517944487347e-34
1.087775889447381848e-34
9.476679802556550864e-35
8.257283043368307741e-35
7.195854587652303785e-35
6.271786287368038962e-35
5.467170501097061773e-35
4.766446883459285922e-35
4.156094810173148179e-35
3.624365693449800984e-35
3.161050136466117933e-35
2.757275490330165249e-35
2.405329920826486227e-35
2.098509572976128926e-35
1.830985845937681374e-35
1.597690165164480889e-35
1.394213968534983893e-35
1.216721913347288265e-35
1.061876566039136763e-35
9.267730602733968101e-36
8.088824051395973394e-36
7.060022969313541203e-36
6.162144380225274150e-36
5.378474974877662861e-36
4.694449623546044167e-36
4.097372280754469412e-36
3.576173633305800368e-36
3.121200598352648617e-36
2.724033429840018131e-36
2.377326763585332328e-36
2.074671418383000422e-36
1.810474204562777430e-36
1.579853351274655440e-36
1.378547496565013884e-36
1.202836444120396417e-36
1.049472151882394717e-36
9.156185965909230814e-37
7.987993726442338274e-37
6.968519946162212922e-37
6.078880592633209636e-37
5.302584767920828043e-37
4.625231502612564637e-37
4.034244960235665128e-37
3.518643407737044714e-37
3.068837469655278832e-37
2.676453796704939238e-37
2.334181540042928289e-37
2.035637235435079542e-37
1.775248640603201430e-37
1.548150062124522796e-37
1.350096102672504970e-37
1.177378129316374908e-37
1.026763823121370575e-37
8.954255647634778108e-38
7.809055503741519173e-38
6.810452657939582730e-38
5.939807971394724749e-38
5.180593803684812254e-38
4.518746734437811642e-38
3.941542312577221874e-38
3.438440496899287735e-38
2.999620280102897148e-38
2.617115707735732965e-38
2.283638638870231979e-38
1.992452582833954811e-38
1.739675445981238428e-38
1.516705903934245483e-38
1.327331178737534676e-38
1.152620139184634145e-38
1.017436125628362478e-38
8.694713880779499119e-39
7.915601515564793644e-39
6.382181849080903586e-39
6.442718346055767292e-39
4.241075426975307243e-39
5.899450769507333971e-39
1.742522688613143708e-39
6.766924736457417204e-39
-2.025414363765664707e-39
1.009100317972805766e-38
-8.629708415930082010e-39
1.773211735624486656e-38
-2.045565712205291926e-38
3.224058226583273386e-38
-3.996734679094386905e-38
5.484723734923341850e-38
-6.528471208818807471e-38
7.654223373801215540e-38
-7.309031891491984844e-38
4.627466750142758196e-38
3.940563112168569643e-38
-2.336841727220130210e-37
6.415666436035384217e-37
-1.440331605364858408e-36
2.957695341093854578e-36
-5.766091341068559309e-36
1.088310333180379578e-35
-2.008483354341090064e-35
3.646980449423217804e-35
-6.539065062658452252e-35
1.160399636652771030e-34
-2.040675785058177754e-34
3.558982182914697813e-34
-6.157284656921661415e-34
1.056752531351613022e-33
-1.798886993619711932e-33
3.036342938425052726e-33
-5.079738525917051503e-33
8.419140929211867655e-33
-1.381619629183416120e-32
2.243497604696596926e-32
-3.602134512336382130e-32
5.713810609144116200e-32
-8.945595267660933055e-32
1.380875318410518789e-31
-2.099382966692830690e-31
3.140562191307534421e-31
-4.620650851199166539e-31
6.691575091734848077e-31
-9.572818556496060636e-31
1.365187873553893882e-30
-1.977346811278031116e-30
3.000662343974593562e-30
-4.955183024168046496e-30
9.124627160104262614e-30
-1.857768722401098557e-29
4.040532481405731340e-29
-9.048062816866615924e-29
2.033293019009172111e-28
-4.521330715082133611e-28
9.884237569628264707e-28
-2.119316560241426314e-27
4.454996953847270962e-27
-9.185304059090905770e-27
1.858921360848896907e-26
-3.695660727613425006e-26
7.222543786735726423e-26
-1.388334960215450152e-25
2.625820146688371364e-25
-4.887346976884900854e-25
8.951267943908160976e-25
-1.612629651577184620e-24
2.855524947444992250e-24
-4.963113085920601336e-24
8.448463891324496801e-24
-1.403392659720143477e-23
2.260996913744770942e-23
-3.494688983952211314e-23
5.073129923105282875e-23
-6.589023843692142736e-23
6.574181753837305684e-23
-8.206050029451323066e-24
-2.163183680783040473e-22
8.793165471489426348e-22
-2.633642570620179530e-21
7.019737434017270050e-21
-1.762473486764524986e-20
4.271845916352834213e-20
-1.012072241569095355e-19
2.359861656894174402e-19
-5.436603439202045384e-19
1.545364940335489912e-17
