1.451313146009331250e+13
8.392018511409134521e+11
5.052660166007134739e-03
6.796259588004965706e-04
1.124340581450154015e-04
2.171799850896259825e-05
4.741803260550833609e-06
1.144660444401374083e-06
3.006728157117454263e-07
8.491395743101523454e-08
2.554301896482784221e-08
8.123326813647466937e-09
2.714719608440163629e-09
9.485465314621412500e-10
3.450619658664393917e-10
1.302197732222972500e-10
5.082228850304161245e-11
2.045799386239719490e-11
8.473909645262391692e-12
3.604280407544871377e-12
1.571344265504339255e-12
7.010237888717346943e-13
3.195711010604946181e-13
1.486635394568505749e-13
7.049026269424102946e-14
3.403127072775642709e-14
1.671232254503262384e-14
8.341416103865798348e-15
4.228416110006347271e-15
2.175765419087450328e-15
1.136066386270516693e-15
6.019533972203902530e-16
3.238407435514669487e-16
1.771378495241706367e-16
9.877539436482764177e-17
5.639853087108904964e-17
3.319653239616970631e-17
2.032820843776109237e-17
1.308949965888301950e-17
8.949723154911828963e-18
6.533036008261840380e-18
5.083963855114664491e-18
4.183785624102141784e-18
3.598407897434777224e-18
3.195920043739925870e-18
2.901466718284613040e-18
2.672309602845646271e-18
2.483919445392844920e-18
2.322151897251961207e-18
2.178809914309585929e-18
2.049108257445042309e-18
1.930215697257755542e-18
1.820413047458473879e-18
1.718605998457687573e-18
1.624043943957318595e-18
1.536159215829412735e-18
1.454477052714605881e-18
1.378567193972703357e-18
1.308019871272044252e-18
1.242435897915418255e-18
1.181424638739445213e-18
1.124606079509777828e-18
1.071614690025326525e-18
1.022103684623419062e-18
9.757488562709795190e-19
9.322515292354199455e-19
8.913404184807977937e-19
8.527723472779053473e-19
8.163318850723425170e-19
7.818300414137029476e-19
7.491021982836373004e-19
7.180054883860676071e-19
6.884158348115573387e-19
6.602248609216116209e-19
6.333368609031036162e-19
6.076659937467159621e-19
5.831338290091511785e-19
5.596673343078221293e-19
5.371973547486671866e-19
5.156575959564275111e-19
4.949840873494085061e-19
4.751150726667154539e-19
4.559912519035497296e-19
4.375562835634746195e-19
4.197574487384740973e-19
4.025463786681012461e-19
3.858797543141525242e-19
3.697198989396649465e-19
3.540352012604624258e-19
3.388003258702528955e-19
3.239961877452642438e-19
3.096096872363465096e-19
2.956332197788360613e-19
2.820639895829614824e-19
2.689031681060889385e-19
2.561549457676633881e-19
2.438255290705905303e-19
2.319221352363700667e-19
2.204520330701565912e-19
2.094216726405810893e-19
1.988359381901375768e-19
1.886975492347475893e-19
1.790066248062496057e-19
1.697604159226093000e-19
1.609532022268805351e-19
1.525763407863714940e-19
1.446184486225026732e-19
1.370656958459327421e-19
1.299021833653149341e-19
1.231103779683167854e-19
1.166715779888488449e-19
1.105663845483194670e-19
1.047751562143457841e-19
9.927842855485087010e-20
9.405728417243581805e-20
8.909366309264089316e-20
8.437060759071137897e-20
7.987243945760634274e-20
7.558487115918051581e-20
7.149505521641429793e-20
6.759157836365478690e-20
6.386440860710786036e-20
6.030480422868900075e-20
5.690519411474210629e-20
5.365903861302209849e-20
5.056067952806336741e-20
4.760518695528251579e-20
4.478820952870534706e-20
4.210583341112104023e-20
3.955445407354751444e-20
3.713066366460587276e-20
3.483115561620950745e-20
3.265264711086383265e-20
3.059181917395039182e-20
2.864527346421644255e-20
2.680950431829354491e-20
2.508088425205958429e-20
2.345566091767311554e-20
2.192996344008106119e-20
2.049981608806472735e-20
1.916115734899181043e-20
1.790986265061907346e-20
1.674176918657411186e-20
1.565270153613073588e-20
1.463849700817502218e-20
1.369502987159904172e-20
1.281823385062415631e-20
1.200412245749529353e-20
1.124880690289600236e-20
1.054851146474477459e-20
9.899586308893739159e-21
9.298517842099375699e-21
8.741936740815510053e-21
8.226623841776928845e-21
7.749514105179799024e-21
7.307698871754092992e-21
6.898426634270068497e-21
6.519102534888841958e-21
6.167286784796818630e-21
5.840692183934852347e-21
5.537180898150175374e-21
5.254760630203468573e-21
4.991580300854694526e-21
4.745925337523274080e-21
4.516212651296139760e-21
4.300985368639609727e-21
4.098907372169181211e-21
3.908757695208132478e-21
3.729424807470902892e-21
3.559900823808633625e-21
3.399275664267095559e-21
3.246731191417083156e-21
3.101535349701493590e-21
2.963036331087192647e-21
2.830656791320536816e-21
2.703888141302203223e-21
2.582284938297922369e-21
2.465459401708330919e-21
2.353076077800162294e-21
2.244846677063886780e-21
2.140525106663276654e-21
2.039902718772517635e-21
1.942803793481399302e-21
1.849081272441361543e-21
1.758612756597579359e-21
1.671296778291931687e-21
1.587049354823180105e-21
1.505800827310407369e-21
1.427492985516448100e-21
1.352076476234778077e-21
1.279508489999780645e-21
1.209750718306654728e-21
1.142767571268592898e-21
1.078524643724990262e-21
1.016987416260023311e-21
9.581201763966670108e-22
9.018851443855796421e-22
8.482417874893466316e-22
7.971463064405253412e-22
7.485512777911659883e-22
7.024054361331539846e-22
6.586535806126327672e-22
6.172365907485436331e-22
5.780915372577290824e-22
5.411518743534664865e-22
5.063477007914464497e-22
4.736060777627550246e-22
4.428513925581579123e-22
4.140057577377392445e-22
3.869894363252649511e-22
3.617212843022151910e-22
3.381192024005063056e-22
3.161005898865003908e-22
2.955827936949832192e-22
2.764835469146537295e-22
2.587213912511036892e-22
2.422160787040033002e-22
2.268889482963883018e-22
2.126632742886904781e-22
1.994645829003338055e-22
1.872209351477554487e-22
1.758631739885520332e-22
1.653251345346248728e-22
1.555438166589589438e-22
1.464595198662186650e-22
1.380159408210861785e-22
1.301602344241262555e-22
1.228430397866815811e-22
1.160184728777677708e-22
1.096440879914610153e-22
1.036808105078692490e-22
9.809284369038303694e-23
9.284755247354477866e-23
8.791532734781617663e-23
8.326943153930794540e-23
7.888583471503215241e-23
7.474303641958252660e-23
7.082188237068506944e-23
6.710537661320708453e-23
6.357849235931276244e-23
6.022798413259561277e-23
5.704220359284411661e-23
5.401092115259224824e-23
5.112515521389806051e-23
4.837701056095072005e-23
4.575952714795645737e-23
4.326654022871346475e-23
4.089255249022439071e-23
3.863261858280922968e-23
3.648224218791834760e-23
3.443728553583362934e-23
3.249389108147534708e-23
3.064841486954457082e-23
2.889737097134808208e-23
2.723738625521697869e-23
2.566516466007504395e-23
2.417746007643298233e-23
2.277105689933468033e-23
2.144275730156485699e-23
2.018937428040204020e-23
1.900772955477366626e-23
1.789465542909712672e-23
1.684699979256279151e-23
1.586163348534299197e-23
1.493545933349293519e-23
1.406542222959543447e-23
1.324851971413799507e-23
1.248181259108281177e-23
1.176243518824201578e-23
1.108760494732511833e-23
1.045463109858668991e-23
9.860922239853297082e-24
9.303992698600610882e-24
8.781467608185971100e-24
8.291086675050401751e-24
7.830706652622246219e-24
7.398302569895078251e-24
6.991967788476504328e-24
6.609912981693278208e-24
6.250464143565850855e-24
5.912059744672515686e-24
5.593247156692233084e-24
5.292678468349325436e-24
5.009105813187326725e-24
4.741376324663315562e-24
4.488426827040380178e-24
4.249278361988198397e-24
4.023030641157565429e-24
3.808856504700230464e-24
3.605996455131965067e-24
3.413753325400397792e-24
3.231487129780680680e-24
3.058610136489584596e-24
2.894582191840673942e-24
2.738906317472670842e-24
2.591124594742091549e-24
2.450814343816156062e-24
2.317584599338707211e-24
2.191072879751169162e-24
2.070942243392958783e-24
1.956878621326570106e-24
1.848588414366091339e-24
1.745796339961638289e-24
1.648243513330110644e-24
1.555685746448245930e-24
1.467892048162550290e-24
1.384643308651570065e-24
1.305731151733602350e-24
1.230956938987968401e-24
1.160130910298003834e-24
1.093071446183360334e-24
1.029604438129706031e-24
9.695627540135162472e-25
9.127857866328427306e-25
8.591190742715922497e-25
8.084139831298573294e-25
7.605274423351558595e-25
7.153217231015630786e-25
6.726642544207375158e-25
6.324274684481032958e-25
5.944886694876247442e-25
5.587299211795460403e-25
5.250379471574818277e-25
4.933040410650523635e-25
4.634239824085175110e-25
4.352979552712217092e-25
4.088304674284763720e-25
3.839302678779900092e-25
3.605102612410276469e-25
3.384874178929838428e-25
3.177826790486638319e-25
2.983208563570282343e-25
2.800305258522774849e-25
2.628439163629180851e-25
2.466967926981333068e-25
2.315283341119450868e-25
2.172810086912390112e-25
2.039004444250627981e-25
1.913352977914122186e-25
1.795371207460756665e-25
1.684602270184542550e-25
1.580615586143205767e-25
1.483005533981984032e-25
1.391390145815415524e-25
1.305409828803985981e-25
1.224726120310008032e-25
1.149020482669054677e-25
1.077993142700408140e-25
1.011361980131369668e-25
9.488614681527684000e-26
8.902416683806492218e-26
8.352672815931396093e-26
7.837167547597841485e-26
7.353814440978411285e-26
6.900648331875054228e-26
6.475818045637471001e-26
6.077579626815104298e-26
5.704290057254076039e-26
5.354401434043442887e-26
5.026455576328699935e-26
4.719079028497549576e-26
4.430978426539486921e-26
4.160936194410780468e-26
3.907806537914455078e-26
3.670511704839442090e-26
3.448038481800122839e-26
3.239434900282410665e-26
3.043807126743256371e-26
2.860316514138882126e-26
2.688176794891467105e-26
2.526651397969316787e-26
2.375050875385667309e-26
2.232730425958459219e-26
2.099087506569361395e-26
1.973559523376151443e-26
1.855621597438303767e-26
1.744784400990274003e-26
1.640592062127603880e-26
1.542620136952246812e-26
1.450473649256879094e-26
1.363785198620631602e-26
1.282213138353104788e-26
1.205439825075954026e-26
1.133169941891564668e-26
1.065128897078202846e-26
1.001061300094163396e-26
9.407295163940338183e-27
8.839123021827388388e-27
8.304035197813290524e-27
7.800109337754239538e-27
7.325550875841971188e-27
6.878682595443744051e-27
6.457934970673837581e-27
6.061837269138244376e-27
5.689009391506319473e-27
5.338154419232102816e-27
5.008051837954198386e-27
4.697551400904646062e-27
4.405567594089738628e-27
4.131074663085506287e-27
3.873102160015051277e-27
3.630730968625960359e-27
3.403089765331761082e-27
3.189351874578435515e-27
2.988732477893576684e-27
2.800486137412691013e-27
2.623904596491874751e-27
2.458314822142767091e-27
2.303077256398816683e-27
2.157584246276717621e-27
2.021258624671552529e-27
1.893552417260562490e-27
1.773945653235380972e-27
1.661945260388205498e-27
1.557084027702052182e-27
1.458919621103501184e-27
1.367033640399219108e-27
1.281030707612086294e-27
1.200537578942610498e-27
1.125202274395078698e-27
1.054693220720240587e-27
9.886984047359654401e-28
9.269245352975598978e-28
8.690962132069395539e-28
8.149551091842982977e-28
7.642591506892402282e-28
7.167817188843616970e-28
6.723108573979018430e-28
6.306484947790123311e-28
5.916096826654256189e-28
5.550218517146157190e-28
5.207240873013679347e-28
4.885664268716852655e-28
4.584091806788550654e-28
4.301222774249693558e-28
4.035846361016178475e-28
3.786835650770647282e-28
3.553141892227966645e-28
3.333789056175036810e-28
3.127868681176464805e-28
2.934535008459270134e-28
2.753000404262628187e-28
2.582531065893144745e-28
2.422443005883565348e-28
2.272098307026562443e-28
2.130901639651605344e-28
1.998297031332536431e-28
1.873764878251697470e-28
1.756819186695250859e-28
1.647005032601885254e-28
1.543896226719948820e-28
1.447093172730537284e-28
1.356220905649969473e-28
1.270927297917345881e-28
1.190881420784547980e-28
1.115772048940404450e-28
1.045306296701580128e-28
9.792083745747006977e-29
9.172184555228786513e-29
8.590916408416150989e-29
8.045970161519549237e-29
7.535167886414042402e-29
7.056454973157130939e-29
6.607892886582401511e-29
6.187652507206277950e-29
5.794007992823019262e-29
5.425331103112087078e-29
5.080085935296816257e-29
4.756824024335221750e-29
4.454179766264393428e-29
4.170866128137163626e-29
3.905670612468718176e-29
3.657451448242912843e-29
3.425133984310139224e-29
3.207707264442239057e-29
3.004220766401214587e-29
2.813781290136920183e-29
2.635549982667341702e-29
2.468739489328545619e-29
2.312611222927613924e-29
2.166472743909355545e-29
2.029675245976798192e-29
1.901611142706900537e-29
1.781711751597962005e-29
1.669445072694895313e-29
1.564313659483970295e-29
1.465852580149926833e-29
1.373627467565520587e-29
1.287232656554761335e-29
1.206289407054369140e-29
1.130444211809170499e-29
1.059367187191571837e-29
9.927505456462637201e-30
9.303071481411903915e-30
8.717691348652637129e-30
8.168866322616803435e-30
7.654265343309825264e-30
7.171713559868593537e-30
6.719181561056580349e-30
6.294775277818343947e-30
5.896726531895559470e-30
5.523384203575759816e-30
5.173205990918787286e-30
4.844750732291350133e-30
4.536671263738761817e-30
4.247707782629622020e-30
3.976681689116060780e-30
3.722489877245913591e-30
3.484099448029636448e-30
3.260542817386348648e-30
3.050913192651903539e-30
2.854360392208887227e-30
2.670086983774070248e-30
2.497344717934854660e-30
2.335431234644288529e-30
2.183687021546804905e-30
2.041492604198115686e-30
1.908265949447652214e-30
1.783460064457140664e-30
1.666560775022546299e-30
1.557084668037981275e-30
1.454577184080518635e-30
1.358610847196503470e-30
1.268783620026625986e-30
1.184717373414140062e-30
1.106056460594079743e-30
1.032466386958904889e-30
9.636325672359295834e-31
8.992591626933948886e-31
8.390679917154332034e-31
7.827975077518795802e-31
7.302018392585292031e-31
6.810498867986181182e-31
6.351244729793197505e-31
5.922215413504157736e-31
5.521494007987159524e-31
5.147280123343105736e-31
4.797883154862177019e-31
4.471715918087729486e-31
4.167288632490694658e-31
3.883203233432101642e-31
3.618147993979556596e-31
3.370892439775722054e-31
3.140282541560919554e-31
2.925236171154737622e-31
2.724738807728842672e-31
2.537839482077749975e-31
2.363646947339415513e-31
2.201326065251955309e-31
2.050094397575970106e-31
1.909218992779739366e-31
1.778013358491977790e-31
1.655834610586596158e-31
1.542080790087610423e-31
1.436188339379061788e-31
1.337629729483316849e-31
1.245911230437383915e-31
1.160570817056808298e-31
1.081176202634073546e-31
1.007322993376403288e-31
9.386329566486351705e-32
8.747523963512620816e-32
8.153506290330128570e-32
7.601185546105025349e-32
7.087673158448115422e-32
6.610270410047470259e-32
6.166456644280274522e-32
5.753878199732747417e-32
5.370338026357110317e-32
5.013785938764594898e-32
4.682309464875346790e-32
4.374125250805185372e-32
4.087570985451322373e-32
3.821097810730069804e-32
3.573263185810385503e-32
3.342724175964914103e-32
3.128231138821679190e-32
2.928621782834653168e-32
2.742815574701100059e-32
2.569808474231777324e-32
2.408667976830657999e-32
2.258528445262259769e-32
2.118586713782625393e-32
1.988097948986490110e-32
1.866371752885731007e-32
1.752768494787030191e-32
1.646695859488212352e-32
1.547605600169373735e-32
1.454990485124253475e-32
1.368381428168004024e-32
1.287344793175387631e-32
1.211479863758442836e-32
1.140416469589289733e-32
1.073812761321636907e-32
1.011353126467429676e-32
9.527462389515523267e-33
8.977232354003883758e-33
8.460360115267526142e-33
7.974556322562985977e-33
7.517708495047515517e-33
7.087867217629999859e-33
6.683233298820258932e-33
6.302145836736647837e-33
5.943071141584353502e-33
5.604592464995236265e-33
5.285400488640034657e-33
4.984284526488736807e-33
4.700124397018555047e-33
4.431882923548649441e-33
4.178599022725766122e-33
3.939381342990040878e-33
3.713402416624065885e-33
3.499893290718000131e-33
3.298138604086139872e-33
3.107472078818986927e-33
2.927272396782071837e-33
2.756959432932566793e-33
2.595990818871302477e-33
2.443858811511499859e-33
2.300087443206173674e-33
2.164229931038961265e-33
2.035866324352980107e-33
1.914601370852644019e-33
1.800062582888600308e-33
1.691898486694405155e-33
1.589777038522591568e-33
1.493384192686558081e-33
1.402422607596632488e-33
1.316610476843563913e-33
1.235680473364181374e-33
1.159378795606257281e-33
1.087464305482943594e-33
1.019707748724247396e-33
9.558910489846574920e-34
8.958066678437023259e-34
8.392570234416433649e-34
7.860539612725746474e-34
7.360182710702136773e-34
6.889792445751226568e-34
6.447742691088124575e-34
6.032484529265571404e-34
5.642542780362575898e-34
5.276512776058794640e-34
4.933057341378849875e-34
4.610903967229527244e-34
4.308842137068226604e-34
4.025720804087910329e-34
3.760445979528383229e-34
3.511978444416247058e-34
3.279331537066333183e-34
3.061569048897993378e-34
2.857803165371753168e-34
2.667192511388246799e-34
2.488940212831324591e-34
2.322292069970581670e-34
2.166534716193820599e-34
2.020993908393863618e-34
1.885032765413093261e-34
1.758050173583818020e-34
1.639479089560200205e-34
1.528785068381904845e-34
1.425464612922028821e-34
1.329043842925051075e-34
1.239076864906423750e-34
1.155144615854823381e-34
1.076853211404801572e-34
1.003833019563579849e-34
9.357369199919413843e-35
8.722396925083129391e-35
8.130360866930894464e-35
7.578406455097332967e-35
7.063854466024967925e-35
6.584205157995413683e-35
6.137110715993778702e-35
5.720386989107575578e-35
5.331979316305019119e-35
4.969983195357477810e-35
4.632602660915907777e-35
4.318179721974360661e-35
4.025146821544788096e-35
3.752061339027233662e-35
3.497558698301247050e-35
3.260381258607716164e-35
3.039348006203715918e-35
2.833354810674796990e-35
2.641392585788924832e-35
2.462475596452683755e-35
2.295765397430734283e-35
2.140352443314495127e-35
1.995581480556490506e-35
1.860565442681380623e-35
1.734863122457734456e-35
1.617539366122415822e-35
1.508421464322438930e-35
1.406432845162875984e-35
1.311752726604400120e-35
1.223041915692488249e-35
1.140947086099176381e-35
1.063716935098547064e-35
9.926079113889430371e-36
9.252925026687157414e-36
8.637785961677456303e-36
8.050306840307109274e-36
7.518739559354639737e-36
7.005779705047394350e-36
6.546139488767854564e-36
6.099347789636187815e-36
5.699608625920256061e-36
5.314311937193972498e-36
4.960687439567345200e-36
4.636928884063276795e-36
4.312657018581460042e-36
4.055690663026237909e-36
3.740996423905046701e-36
3.559918318836313089e-36
3.234654384899206798e-36
3.137761312423020068e-36
2.787480320067600051e-36
2.775204669706657760e-36
2.396662372844884105e-36
2.461581572211675442e-36
2.049210558827007688e-36
2.215456547362979342e-36
1.675825466662901348e-36
2.160687867575796983e-36
1.030257540688252012e-36
2.710171287092984671e-36
-5.831226831099450910e-37
4.959059444130735132e-36
-4.865048321741335922e-36
1.145395705164407184e-35
-1.556663693675828817e-35
2.758721585488887851e-35
-4.031582574015250166e-35
6.394363182377099178e-35
-9.357063251104810105e-35
1.399298689154821944e-34
-2.009568733849112577e-34
2.887826775017940635e-34
-4.047985349483097148e-34
5.633142290572421047e-34
-7.695726616446010423e-34
1.040371404857472846e-33
-1.384574654196905943e-33
1.821159162894696517e-33
-2.362432081129731455e-33
3.031318259506852295e-33
-3.850448716208376223e-33
4.866171619433427026e-33
-6.157468893660300823e-33
7.893899944713336967e-33
-1.041404216643466617e-32
1.440843459662832451e-32
-2.123114808892256830e-32
3.350206986389996313e-32
-5.618040683663283193e-32
9.854323611983199961e-32
-1.777679666765642665e-31
3.255176913426319850e-31
-6.000907401037451721e-31
1.109145552829833714e-30
-2.052696054986195022e-30
3.805610761236961580e-30
-7.077979258803164072e-30
1.323083289115075814e-29
-2.490485184679093372e-29
4.728529114955028667e-29
-9.067009458259185387e-29
1.757258246494049876e-28
-3.443216990271179519e-28
6.820068785615921536e-28
-1.364922475664055993e-27
2.758256407800597360e-27
-5.623955301965512335e-27
1.156110729273322864e-26
-2.394397665035467627e-26
4.992875689194243572e-26
-1.047638894004785499e-25
2.210819566176730363e-25
-4.689954162858800828e-25
9.996802118570613919e-25
-2.140123845770268357e-24
4.599497623014546620e-24
-9.919323410013152254e-24
2.145646434008321107e-23
-4.653095335677281412e-23
1.011201108940158023e-22
-2.201163194993147748e-22
4.797322297037851721e-22
-1.046400232316108305e-21
2.283381061564440990e-21
-4.982875130130100230e-21
1.087057741011153564e-20
-2.370046045400831059e-20
5.162539119734060296e-20
-1.123188959507827848e-19
2.440138677375884142e-19
-5.292313279826874382e-19
1.145644321510914807e-18
5.874456823516738108e-17
