6
1
408
7
2
4
11
8
26
27
32
9
14
1
1
2
7
374
14
76
140
1
6
13
3
2
1
1
3
76
9
94
1
14
7
104
15
4
25
15
2
19
2
1
4
34
12
13
1
3
203
125
106
11
1
28
10
70
46
1
11
1
25
73
115
445
2
8
26
14
1729
2
4
347
6
416
399
181
28
2
29
67
102
18
2956
139
139
71
3
208
4
5
3
15
167
29
1
9
36
16
64
8
4
5
1
96
11
47
1
12
268
1
2
1
220
17
1
27
77
106
59
41
8
500
13
4
3
6
8
56
38
2
1
6
13
9
26
74
13
7
1
184
63
19
10
18
8
1
6
90
1
1
1
41
450
416
1
341
693
4
118
4
1
5
405
1
404
56
42
312
368
59
188
224
2
1
19
18
4
1
2
393
75
1
2
10
4
9
1
144
17
29
375
8
4
1
13
549
5
39
2
2
2
9
3
1
61
6
14
60
22
3
1
56
11
226
3
132
8
6
1
1
2
1
4
30
25
68
84
1
2
46
2
2
5
1
1
16
44
8
47
2
15
181
3
17
30
95
43
6
113
24
14
292
1
22
334
169
41
3
16
187
11
156
42
173
3
170
7
54
26
2
25
1
40
74
6
37
13
109
125
9
8
3
21
209
1
16
13
369
15
8
13
34
7
10
10
23
8
4
119
14
44
31
5
16
8
12
8
2989
14
2
268
22
56
5
83
336
4
1
254
2
14
4
12
1
40
156
2
106
34
883
803
9
38
73
8
91
4
5
4
1456
5
3
18
173
34
3
1
1
3
19
3
2
7
7
2
3
2
5
2
1
33
25
27
572
76
1
88
27
1
19
10
3
2
8
1096
16
8
34
1
278
31
1114
1
56
1
7
3
77
29
3
6
17
5
488
2
10
2
19
11
4
2
8
1
40
67
73
17
10
24
2
63
1494
22
102
7
162
27
18
18
20
359
3
63
28
16
106
28
1461
7
60
468
6
14
68
26
374
22
42
10
28
449
11
16
23
1
1
1
26
1
29
77
29
12
1
1
3
1
139
10
1
1
18
94
9
1510
2
10
2
23
115
920
88
54
42
98
52
25
354
38
1
47
381
397
18
37
336
31
10
2
391
25
25
31
13
51
5
46
28
55
8
4
1
1
170
123
1
158
31
13
135
11
1776
9
6
2
4
32
16
61
108
1
884
3
181
3
11
376
6
3
134
23
4
35
156
380
6
67
131
170
4
307
138
227
20
32
1
16
74
67
1
11
22
4
1
4
19
1
2
1
1
4
104
3
2
6
16
19
8
2
48
4
83
226
812
139
94
62
5
104
44
433
6
27
76
1
60
10
5
8
24
359
5
2
74
12
102
1
1
6
20
22
13
5
5
97
9
1
1
8
7
7
4
7
6
1
12
23
16
8
8
82
35
37
827
14
