4.337969999999999882e-01
1.290179999999999938e-01
4.702399999999999636e-02
1.833800000000000013e-02
7.818999999999999562e-03
3.575999999999999752e-03
1.746999999999999855e-03
8.559999999999999901e-04
4.710000000000000102e-04
2.689999999999999791e-04
1.580000000000000187e-04
7.799999999999999859e-05
6.600000000000000506e-05
4.100000000000000047e-05
2.500000000000000120e-05
1.699999999999999987e-05
9.000000000000000228e-06
1.000000000000000082e-05
1.000000000000000082e-05
2.999999999999999652e-06
5.999999999999999305e-06
2.999999999999999652e-06
2.999999999999999652e-06
2.999999999999999652e-06
2.999999999999999652e-06
5.999999999999999305e-06
0.000000000000000000e+00
0.000000000000000000e+00
2.999999999999999652e-06
0.000000000000000000e+00
2.999999999999999652e-06
9.999999999999999547e-07
1.999999999999999909e-06
9.999999999999999547e-07
9.999999999999999547e-07
2.999999999999999652e-06
0.000000000000000000e+00
9.999999999999999547e-07
9.999999999999999547e-07
9.999999999999999547e-07
9.999999999999999547e-07
0.000000000000000000e+00
1.999999999999999909e-06
0.000000000000000000e+00
9.999999999999999547e-07
9.999999999999999547e-07
2.999999999999999652e-06
1.999999999999999909e-06
1.999999999999999909e-06
0.000000000000000000e+00
9.999999999999999547e-07
9.999999999999999547e-07
0.000000000000000000e+00
0.000000000000000000e+00
0.000000000000000000e+00
0.000000000000000000e+00
0.000000000000000000e+00
9.999999999999999547e-07
0.000000000000000000e+00
0.000000000000000000e+00
0.000000000000000000e+00
0.000000000000000000e+00
0.000000000000000000e+00
0.000000000000000000e+00
0.000000000000000000e+00
0.000000000000000000e+00
0.000000000000000000e+00
0.000000000000000000e+00
0.000000000000000000e+00
0.000000000000000000e+00
0.000000000000000000e+00
0.000000000000000000e+00
0.000000000000000000e+00
0.000000000000000000e+00
0.000000000000000000e+00
0.000000000000000000e+00
0.000000000000000000e+00
0.000000000000000000e+00
0.000000000000000000e+00
0.000000000000000000e+00
0.000000000000000000e+00
0.000000000000000000e+00
0.000000000000000000e+00
0.000000000000000000e+00
0.000000000000000000e+00
0.000000000000000000e+00
0.000000000000000000e+00
0.000000000000000000e+00
0.000000000000000000e+00
0.000000000000000000e+00
0.000000000000000000e+00
0.000000000000000000e+00
0.000000000000000000e+00
0.000000000000000000e+00
0.000000000000000000e+00
0.000000000000000000e+00
0.000000000000000000e+00
0.000000000000000000e+00
0.000000000000000000e+00
0.000000000000000000e+00
