531921213948673
1 -1 -1 -1 -1 -1 -1 
-1 1 1 -1 -1 -1 -1 
-1 1 1 -1 -1 -1 -1 
-1 -1 -1 1 1 1 1 
-1 -1 -1 1 1 1 1 
-1 -1 -1 1 1 1 1 
-1 -1 -1 1 1 1 1 

531921213948675
1 1 -1 -1 -1 -1 -1 
-1 1 1 -1 -1 -1 -1 
-1 1 1 -1 -1 -1 -1 
-1 -1 -1 1 1 1 1 
-1 -1 -1 1 1 1 1 
-1 -1 -1 1 1 1 1 
-1 -1 -1 1 1 1 1 

531921213948677
1 -1 1 -1 -1 -1 -1 
-1 1 1 -1 -1 -1 -1 
-1 1 1 -1 -1 -1 -1 
-1 -1 -1 1 1 1 1 
-1 -1 -1 1 1 1 1 
-1 -1 -1 1 1 1 1 
-1 -1 -1 1 1 1 1 

531921213948679
1 1 1 -1 -1 -1 -1 
-1 1 1 -1 -1 -1 -1 
-1 1 1 -1 -1 -1 -1 
-1 -1 -1 1 1 1 1 
-1 -1 -1 1 1 1 1 
-1 -1 -1 1 1 1 1 
-1 -1 -1 1 1 1 1 

531921213948681
1 -1 -1 1 -1 -1 -1 
-1 1 1 -1 -1 -1 -1 
-1 1 1 -1 -1 -1 -1 
-1 -1 -1 1 1 1 1 
-1 -1 -1 1 1 1 1 
-1 -1 -1 1 1 1 1 
-1 -1 -1 1 1 1 1 

531921213948683
1 1 -1 1 -1 -1 -1 
-1 1 1 -1 -1 -1 -1 
-1 1 1 -1 -1 -1 -1 
-1 -1 -1 1 1 1 1 
-1 -1 -1 1 1 1 1 
-1 -1 -1 1 1 1 1 
-1 -1 -1 1 1 1 1 

531921213948685
1 -1 1 1 -1 -1 -1 
-1 1 1 -1 -1 -1 -1 
-1 1 1 -1 -1 -1 -1 
-1 -1 -1 1 1 1 1 
-1 -1 -1 1 1 1 1 
-1 -1 -1 1 1 1 1 
-1 -1 -1 1 1 1 1 

531921213948687
1 1 1 1 -1 -1 -1 
-1 1 1 -1 -1 -1 -1 
-1 1 1 -1 -1 -1 -1 
-1 -1 -1 1 1 1 1 
-1 -1 -1 1 1 1 1 
-1 -1 -1 1 1 1 1 
-1 -1 -1 1 1 1 1 

531921213948689
1 -1 -1 -1 1 -1 -1 
-1 1 1 -1 -1 -1 -1 
-1 1 1 -1 -1 -1 -1 
-1 -1 -1 1 1 1 1 
-1 -1 -1 1 1 1 1 
-1 -1 -1 1 1 1 1 
-1 -1 -1 1 1 1 1 

531921213948691
1 1 -1 -1 1 -1 -1 
-1 1 1 -1 -1 -1 -1 
-1 1 1 -1 -1 -1 -1 
-1 -1 -1 1 1 1 1 
-1 -1 -1 1 1 1 1 
-1 -1 -1 1 1 1 1 
-1 -1 -1 1 1 1 1 

531921213948693
1 -1 1 -1 1 -1 -1 
-1 1 1 -1 -1 -1 -1 
-1 1 1 -1 -1 -1 -1 
-1 -1 -1 1 1 1 1 
-1 -1 -1 1 1 1 1 
-1 -1 -1 1 1 1 1 
-1 -1 -1 1 1 1 1 

531921213948695
1 1 1 -1 1 -1 -1 
-1 1 1 -1 -1 -1 -1 
-1 1 1 -1 -1 -1 -1 
-1 -1 -1 1 1 1 1 
-1 -1 -1 1 1 1 1 
-1 -1 -1 1 1 1 1 
-1 -1 -1 1 1 1 1 

531921213948697
1 -1 -1 1 1 -1 -1 
-1 1 1 -1 -1 -1 -1 
-1 1 1 -1 -1 -1 -1 
-1 -1 -1 1 1 1 1 
-1 -1 -1 1 1 1 1 
-1 -1 -1 1 1 1 1 
-1 -1 -1 1 1 1 1 

531921213948699
1 1 -1 1 1 -1 -1 
-1 1 1 -1 -1 -1 -1 
-1 1 1 -1 -1 -1 -1 
-1 -1 -1 1 1 1 1 
-1 -1 -1 1 1 1 1 
-1 -1 -1 1 1 1 1 
-1 -1 -1 1 1 1 1 

531921213948701
1 -1 1 1 1 -1 -1 
-1 1 1 -1 -1 -1 -1 
-1 1 1 -1 -1 -1 -1 
-1 -1 -1 1 1 1 1 
-1 -1 -1 1 1 1 1 
-1 -1 -1 1 1 1 1 
-1 -1 -1 1 1 1 1 

531921213948703
1 1 1 1 1 -1 -1 
-1 1 1 -1 -1 -1 -1 
-1 1 1 -1 -1 -1 -1 
-1 -1 -1 1 1 1 1 
-1 -1 -1 1 1 1 1 
-1 -1 -1 1 1 1 1 
-1 -1 -1 1 1 1 1 

531921213948705
1 -1 -1 -1 -1 1 -1 
-1 1 1 -1 -1 -1 -1 
-1 1 1 -1 -1 -1 -1 
-1 -1 -1 1 1 1 1 
-1 -1 -1 1 1 1 1 
-1 -1 -1 1 1 1 1 
-1 -1 -1 1 1 1 1 

531921213948707
1 1 -1 -1 -1 1 -1 
-1 1 1 -1 -1 -1 -1 
-1 1 1 -1 -1 -1 -1 
-1 -1 -1 1 1 1 1 
-1 -1 -1 1 1 1 1 
-1 -1 -1 1 1 1 1 
-1 -1 -1 1 1 1 1 

531921213948709
1 -1 1 -1 -1 1 -1 
-1 1 1 -1 -1 -1 -1 
-1 1 1 -1 -1 -1 -1 
-1 -1 -1 1 1 1 1 
-1 -1 -1 1 1 1 1 
-1 -1 -1 1 1 1 1 
-1 -1 -1 1 1 1 1 

531921213948711
1 1 1 -1 -1 1 -1 
-1 1 1 -1 -1 -1 -1 
-1 1 1 -1 -1 -1 -1 
-1 -1 -1 1 1 1 1 
-1 -1 -1 1 1 1 1 
-1 -1 -1 1 1 1 1 
-1 -1 -1 1 1 1 1 

531921213948713
1 -1 -1 1 -1 1 -1 
-1 1 1 -1 -1 -1 -1 
-1 1 1 -1 -1 -1 -1 
-1 -1 -1 1 1 1 1 
-1 -1 -1 1 1 1 1 
-1 -1 -1 1 1 1 1 
-1 -1 -1 1 1 1 1 

531921213948715
1 1 -1 1 -1 1 -1 
-1 1 1 -1 -1 -1 -1 
-1 1 1 -1 -1 -1 -1 
-1 -1 -1 1 1 1 1 
-1 -1 -1 1 1 1 1 
-1 -1 -1 1 1 1 1 
-1 -1 -1 1 1 1 1 

531921213948717
1 -1 1 1 -1 1 -1 
-1 1 1 -1 -1 -1 -1 
-1 1 1 -1 -1 -1 -1 
-1 -1 -1 1 1 1 1 
-1 -1 -1 1 1 1 1 
-1 -1 -1 1 1 1 1 
-1 -1 -1 1 1 1 1 

531921213948719
1 1 1 1 -1 1 -1 
-1 1 1 -1 -1 -1 -1 
-1 1 1 -1 -1 -1 -1 
-1 -1 -1 1 1 1 1 
-1 -1 -1 1 1 1 1 
-1 -1 -1 1 1 1 1 
-1 -1 -1 1 1 1 1 

531921213948721
1 -1 -1 -1 1 1 -1 
-1 1 1 -1 -1 -1 -1 
-1 1 1 -1 -1 -1 -1 
-1 -1 -1 1 1 1 1 
-1 -1 -1 1 1 1 1 
-1 -1 -1 1 1 1 1 
-1 -1 -1 1 1 1 1 

531921213948723
1 1 -1 -1 1 1 -1 
-1 1 1 -1 -1 -1 -1 
-1 1 1 -1 -1 -1 -1 
-1 -1 -1 1 1 1 1 
-1 -1 -1 1 1 1 1 
-1 -1 -1 1 1 1 1 
-1 -1 -1 1 1 1 1 

531921213948725
1 -1 1 -1 1 1 -1 
-1 1 1 -1 -1 -1 -1 
-1 1 1 -1 -1 -1 -1 
-1 -1 -1 1 1 1 1 
-1 -1 -1 1 1 1 1 
-1 -1 -1 1 1 1 1 
-1 -1 -1 1 1 1 1 

531921213948727
1 1 1 -1 1 1 -1 
-1 1 1 -1 -1 -1 -1 
-1 1 1 -1 -1 -1 -1 
-1 -1 -1 1 1 1 1 
-1 -1 -1 1 1 1 1 
-1 -1 -1 1 1 1 1 
-1 -1 -1 1 1 1 1 

531921213948729
1 -1 -1 1 1 1 -1 
-1 1 1 -1 -1 -1 -1 
-1 1 1 -1 -1 -1 -1 
-1 -1 -1 1 1 1 1 
-1 -1 -1 1 1 1 1 
-1 -1 -1 1 1 1 1 
-1 -1 -1 1 1 1 1 

531921213948731
1 1 -1 1 1 1 -1 
-1 1 1 -1 -1 -1 -1 
-1 1 1 -1 -1 -1 -1 
-1 -1 -1 1 1 1 1 
-1 -1 -1 1 1 1 1 
-1 -1 -1 1 1 1 1 
-1 -1 -1 1 1 1 1 

531921213948733
1 -1 1 1 1 1 -1 
-1 1 1 -1 -1 -1 -1 
-1 1 1 -1 -1 -1 -1 
-1 -1 -1 1 1 1 1 
-1 -1 -1 1 1 1 1 
-1 -1 -1 1 1 1 1 
-1 -1 -1 1 1 1 1 

531921213948735
1 1 1 1 1 1 -1 
-1 1 1 -1 -1 -1 -1 
-1 1 1 -1 -1 -1 -1 
-1 -1 -1 1 1 1 1 
-1 -1 -1 1 1 1 1 
-1 -1 -1 1 1 1 1 
-1 -1 -1 1 1 1 1 

531921213948737
1 -1 -1 -1 -1 -1 1 
-1 1 1 -1 -1 -1 -1 
-1 1 1 -1 -1 -1 -1 
-1 -1 -1 1 1 1 1 
-1 -1 -1 1 1 1 1 
-1 -1 -1 1 1 1 1 
-1 -1 -1 1 1 1 1 

531921213948739
1 1 -1 -1 -1 -1 1 
-1 1 1 -1 -1 -1 -1 
-1 1 1 -1 -1 -1 -1 
-1 -1 -1 1 1 1 1 
-1 -1 -1 1 1 1 1 
-1 -1 -1 1 1 1 1 
-1 -1 -1 1 1 1 1 

531921213948741
1 -1 1 -1 -1 -1 1 
-1 1 1 -1 -1 -1 -1 
-1 1 1 -1 -1 -1 -1 
-1 -1 -1 1 1 1 1 
-1 -1 -1 1 1 1 1 
-1 -1 -1 1 1 1 1 
-1 -1 -1 1 1 1 1 

531921213948743
1 1 1 -1 -1 -1 1 
-1 1 1 -1 -1 -1 -1 
-1 1 1 -1 -1 -1 -1 
-1 -1 -1 1 1 1 1 
-1 -1 -1 1 1 1 1 
-1 -1 -1 1 1 1 1 
-1 -1 -1 1 1 1 1 

531921213948745
1 -1 -1 1 -1 -1 1 
-1 1 1 -1 -1 -1 -1 
-1 1 1 -1 -1 -1 -1 
-1 -1 -1 1 1 1 1 
-1 -1 -1 1 1 1 1 
-1 -1 -1 1 1 1 1 
-1 -1 -1 1 1 1 1 

531921213948747
1 1 -1 1 -1 -1 1 
-1 1 1 -1 -1 -1 -1 
-1 1 1 -1 -1 -1 -1 
-1 -1 -1 1 1 1 1 
-1 -1 -1 1 1 1 1 
-1 -1 -1 1 1 1 1 
-1 -1 -1 1 1 1 1 

531921213948749
1 -1 1 1 -1 -1 1 
-1 1 1 -1 -1 -1 -1 
-1 1 1 -1 -1 -1 -1 
-1 -1 -1 1 1 1 1 
-1 -1 -1 1 1 1 1 
-1 -1 -1 1 1 1 1 
-1 -1 -1 1 1 1 1 

531921213948751
1 1 1 1 -1 -1 1 
-1 1 1 -1 -1 -1 -1 
-1 1 1 -1 -1 -1 -1 
-1 -1 -1 1 1 1 1 
-1 -1 -1 1 1 1 1 
-1 -1 -1 1 1 1 1 
-1 -1 -1 1 1 1 1 

531921213948753
1 -1 -1 -1 1 -1 1 
-1 1 1 -1 -1 -1 -1 
-1 1 1 -1 -1 -1 -1 
-1 -1 -1 1 1 1 1 
-1 -1 -1 1 1 1 1 
-1 -1 -1 1 1 1 1 
-1 -1 -1 1 1 1 1 

531921213948755
1 1 -1 -1 1 -1 1 
-1 1 1 -1 -1 -1 -1 
-1 1 1 -1 -1 -1 -1 
-1 -1 -1 1 1 1 1 
-1 -1 -1 1 1 1 1 
-1 -1 -1 1 1 1 1 
-1 -1 -1 1 1 1 1 

531921213948757
1 -1 1 -1 1 -1 1 
-1 1 1 -1 -1 -1 -1 
-1 1 1 -1 -1 -1 -1 
-1 -1 -1 1 1 1 1 
-1 -1 -1 1 1 1 1 
-1 -1 -1 1 1 1 1 
-1 -1 -1 1 1 1 1 

531921213948759
1 1 1 -1 1 -1 1 
-1 1 1 -1 -1 -1 -1 
-1 1 1 -1 -1 -1 -1 
-1 -1 -1 1 1 1 1 
-1 -1 -1 1 1 1 1 
-1 -1 -1 1 1 1 1 
-1 -1 -1 1 1 1 1 

531921213948761
1 -1 -1 1 1 -1 1 
-1 1 1 -1 -1 -1 -1 
-1 1 1 -1 -1 -1 -1 
-1 -1 -1 1 1 1 1 
-1 -1 -1 1 1 1 1 
-1 -1 -1 1 1 1 1 
-1 -1 -1 1 1 1 1 

531921213948763
1 1 -1 1 1 -1 1 
-1 1 1 -1 -1 -1 -1 
-1 1 1 -1 -1 -1 -1 
-1 -1 -1 1 1 1 1 
-1 -1 -1 1 1 1 1 
-1 -1 -1 1 1 1 1 
-1 -1 -1 1 1 1 1 

531921213948765
1 -1 1 1 1 -1 1 
-1 1 1 -1 -1 -1 -1 
-1 1 1 -1 -1 -1 -1 
-1 -1 -1 1 1 1 1 
-1 -1 -1 1 1 1 1 
-1 -1 -1 1 1 1 1 
-1 -1 -1 1 1 1 1 

531921213948767
1 1 1 1 1 -1 1 
-1 1 1 -1 -1 -1 -1 
-1 1 1 -1 -1 -1 -1 
-1 -1 -1 1 1 1 1 
-1 -1 -1 1 1 1 1 
-1 -1 -1 1 1 1 1 
-1 -1 -1 1 1 1 1 

531921213948769
1 -1 -1 -1 -1 1 1 
-1 1 1 -1 -1 -1 -1 
-1 1 1 -1 -1 -1 -1 
-1 -1 -1 1 1 1 1 
-1 -1 -1 1 1 1 1 
-1 -1 -1 1 1 1 1 
-1 -1 -1 1 1 1 1 

531921213948771
1 1 -1 -1 -1 1 1 
-1 1 1 -1 -1 -1 -1 
-1 1 1 -1 -1 -1 -1 
-1 -1 -1 1 1 1 1 
-1 -1 -1 1 1 1 1 
-1 -1 -1 1 1 1 1 
-1 -1 -1 1 1 1 1 

531921213948773
1 -1 1 -1 -1 1 1 
-1 1 1 -1 -1 -1 -1 
-1 1 1 -1 -1 -1 -1 
-1 -1 -1 1 1 1 1 
-1 -1 -1 1 1 1 1 
-1 -1 -1 1 1 1 1 
-1 -1 -1 1 1 1 1 

531921213948775
1 1 1 -1 -1 1 1 
-1 1 1 -1 -1 -1 -1 
-1 1 1 -1 -1 -1 -1 
-1 -1 -1 1 1 1 1 
-1 -1 -1 1 1 1 1 
-1 -1 -1 1 1 1 1 
-1 -1 -1 1 1 1 1 

531921213948777
1 -1 -1 1 -1 1 1 
-1 1 1 -1 -1 -1 -1 
-1 1 1 -1 -1 -1 -1 
-1 -1 -1 1 1 1 1 
-1 -1 -1 1 1 1 1 
-1 -1 -1 1 1 1 1 
-1 -1 -1 1 1 1 1 

531921213948779
1 1 -1 1 -1 1 1 
-1 1 1 -1 -1 -1 -1 
-1 1 1 -1 -1 -1 -1 
-1 -1 -1 1 1 1 1 
-1 -1 -1 1 1 1 1 
-1 -1 -1 1 1 1 1 
-1 -1 -1 1 1 1 1 

531921213948781
1 -1 1 1 -1 1 1 
-1 1 1 -1 -1 -1 -1 
-1 1 1 -1 -1 -1 -1 
-1 -1 -1 1 1 1 1 
-1 -1 -1 1 1 1 1 
-1 -1 -1 1 1 1 1 
-1 -1 -1 1 1 1 1 

531921213948783
1 1 1 1 -1 1 1 
-1 1 1 -1 -1 -1 -1 
-1 1 1 -1 -1 -1 -1 
-1 -1 -1 1 1 1 1 
-1 -1 -1 1 1 1 1 
-1 -1 -1 1 1 1 1 
-1 -1 -1 1 1 1 1 

531921213948785
1 -1 -1 -1 1 1 1 
-1 1 1 -1 -1 -1 -1 
-1 1 1 -1 -1 -1 -1 
-1 -1 -1 1 1 1 1 
-1 -1 -1 1 1 1 1 
-1 -1 -1 1 1 1 1 
-1 -1 -1 1 1 1 1 

531921213948787
1 1 -1 -1 1 1 1 
-1 1 1 -1 -1 -1 -1 
-1 1 1 -1 -1 -1 -1 
-1 -1 -1 1 1 1 1 
-1 -1 -1 1 1 1 1 
-1 -1 -1 1 1 1 1 
-1 -1 -1 1 1 1 1 

531921213948789
1 -1 1 -1 1 1 1 
-1 1 1 -1 -1 -1 -1 
-1 1 1 -1 -1 -1 -1 
-1 -1 -1 1 1 1 1 
-1 -1 -1 1 1 1 1 
-1 -1 -1 1 1 1 1 
-1 -1 -1 1 1 1 1 

531921213948791
1 1 1 -1 1 1 1 
-1 1 1 -1 -1 -1 -1 
-1 1 1 -1 -1 -1 -1 
-1 -1 -1 1 1 1 1 
-1 -1 -1 1 1 1 1 
-1 -1 -1 1 1 1 1 
-1 -1 -1 1 1 1 1 

531921213948793
1 -1 -1 1 1 1 1 
-1 1 1 -1 -1 -1 -1 
-1 1 1 -1 -1 -1 -1 
-1 -1 -1 1 1 1 1 
-1 -1 -1 1 1 1 1 
-1 -1 -1 1 1 1 1 
-1 -1 -1 1 1 1 1 

531921213948795
1 1 -1 1 1 1 1 
-1 1 1 -1 -1 -1 -1 
-1 1 1 -1 -1 -1 -1 
-1 -1 -1 1 1 1 1 
-1 -1 -1 1 1 1 1 
-1 -1 -1 1 1 1 1 
-1 -1 -1 1 1 1 1 

531921213948797
1 -1 1 1 1 1 1 
-1 1 1 -1 -1 -1 -1 
-1 1 1 -1 -1 -1 -1 
-1 -1 -1 1 1 1 1 
-1 -1 -1 1 1 1 1 
-1 -1 -1 1 1 1 1 
-1 -1 -1 1 1 1 1 

531921213948799
1 1 1 1 1 1 1 
-1 1 1 -1 -1 -1 -1 
-1 1 1 -1 -1 -1 -1 
-1 -1 -1 1 1 1 1 
-1 -1 -1 1 1 1 1 
-1 -1 -1 1 1 1 1 
-1 -1 -1 1 1 1 1 

531921213965185
1 -1 -1 -1 -1 -1 -1 
1 1 1 -1 -1 -1 -1 
1 1 1 -1 -1 -1 -1 
-1 -1 -1 1 1 1 1 
-1 -1 -1 1 1 1 1 
-1 -1 -1 1 1 1 1 
-1 -1 -1 1 1 1 1 

531921213965187
1 1 -1 -1 -1 -1 -1 
1 1 1 -1 -1 -1 -1 
1 1 1 -1 -1 -1 -1 
-1 -1 -1 1 1 1 1 
-1 -1 -1 1 1 1 1 
-1 -1 -1 1 1 1 1 
-1 -1 -1 1 1 1 1 

531921213965189
1 -1 1 -1 -1 -1 -1 
1 1 1 -1 -1 -1 -1 
1 1 1 -1 -1 -1 -1 
-1 -1 -1 1 1 1 1 
-1 -1 -1 1 1 1 1 
-1 -1 -1 1 1 1 1 
-1 -1 -1 1 1 1 1 

531921213965191
1 1 1 -1 -1 -1 -1 
1 1 1 -1 -1 -1 -1 
1 1 1 -1 -1 -1 -1 
-1 -1 -1 1 1 1 1 
-1 -1 -1 1 1 1 1 
-1 -1 -1 1 1 1 1 
-1 -1 -1 1 1 1 1 

531921213965193
1 -1 -1 1 -1 -1 -1 
1 1 1 -1 -1 -1 -1 
1 1 1 -1 -1 -1 -1 
-1 -1 -1 1 1 1 1 
-1 -1 -1 1 1 1 1 
-1 -1 -1 1 1 1 1 
-1 -1 -1 1 1 1 1 

531921213965195
1 1 -1 1 -1 -1 -1 
1 1 1 -1 -1 -1 -1 
1 1 1 -1 -1 -1 -1 
-1 -1 -1 1 1 1 1 
-1 -1 -1 1 1 1 1 
-1 -1 -1 1 1 1 1 
-1 -1 -1 1 1 1 1 

531921213965197
1 -1 1 1 -1 -1 -1 
1 1 1 -1 -1 -1 -1 
1 1 1 -1 -1 -1 -1 
-1 -1 -1 1 1 1 1 
-1 -1 -1 1 1 1 1 
-1 -1 -1 1 1 1 1 
-1 -1 -1 1 1 1 1 

531921213965199
1 1 1 1 -1 -1 -1 
1 1 1 -1 -1 -1 -1 
1 1 1 -1 -1 -1 -1 
-1 -1 -1 1 1 1 1 
-1 -1 -1 1 1 1 1 
-1 -1 -1 1 1 1 1 
-1 -1 -1 1 1 1 1 

531921213965201
1 -1 -1 -1 1 -1 -1 
1 1 1 -1 -1 -1 -1 
1 1 1 -1 -1 -1 -1 
-1 -1 -1 1 1 1 1 
-1 -1 -1 1 1 1 1 
-1 -1 -1 1 1 1 1 
-1 -1 -1 1 1 1 1 

531921213965203
1 1 -1 -1 1 -1 -1 
1 1 1 -1 -1 -1 -1 
1 1 1 -1 -1 -1 -1 
-1 -1 -1 1 1 1 1 
-1 -1 -1 1 1 1 1 
-1 -1 -1 1 1 1 1 
-1 -1 -1 1 1 1 1 

531921213965205
1 -1 1 -1 1 -1 -1 
1 1 1 -1 -1 -1 -1 
1 1 1 -1 -1 -1 -1 
-1 -1 -1 1 1 1 1 
-1 -1 -1 1 1 1 1 
-1 -1 -1 1 1 1 1 
-1 -1 -1 1 1 1 1 

531921213965207
1 1 1 -1 1 -1 -1 
1 1 1 -1 -1 -1 -1 
1 1 1 -1 -1 -1 -1 
-1 -1 -1 1 1 1 1 
-1 -1 -1 1 1 1 1 
-1 -1 -1 1 1 1 1 
-1 -1 -1 1 1 1 1 

531921213965209
1 -1 -1 1 1 -1 -1 
1 1 1 -1 -1 -1 -1 
1 1 1 -1 -1 -1 -1 
-1 -1 -1 1 1 1 1 
-1 -1 -1 1 1 1 1 
-1 -1 -1 1 1 1 1 
-1 -1 -1 1 1 1 1 

531921213965211
1 1 -1 1 1 -1 -1 
1 1 1 -1 -1 -1 -1 
1 1 1 -1 -1 -1 -1 
-1 -1 -1 1 1 1 1 
-1 -1 -1 1 1 1 1 
-1 -1 -1 1 1 1 1 
-1 -1 -1 1 1 1 1 

531921213965213
1 -1 1 1 1 -1 -1 
1 1 1 -1 -1 -1 -1 
1 1 1 -1 -1 -1 -1 
-1 -1 -1 1 1 1 1 
-1 -1 -1 1 1 1 1 
-1 -1 -1 1 1 1 1 
-1 -1 -1 1 1 1 1 

531921213965215
1 1 1 1 1 -1 -1 
1 1 1 -1 -1 -1 -1 
1 1 1 -1 -1 -1 -1 
-1 -1 -1 1 1 1 1 
-1 -1 -1 1 1 1 1 
-1 -1 -1 1 1 1 1 
-1 -1 -1 1 1 1 1 

531921213965217
1 -1 -1 -1 -1 1 -1 
1 1 1 -1 -1 -1 -1 
1 1 1 -1 -1 -1 -1 
-1 -1 -1 1 1 1 1 
-1 -1 -1 1 1 1 1 
-1 -1 -1 1 1 1 1 
-1 -1 -1 1 1 1 1 

531921213965219
1 1 -1 -1 -1 1 -1 
1 1 1 -1 -1 -1 -1 
1 1 1 -1 -1 -1 -1 
-1 -1 -1 1 1 1 1 
-1 -1 -1 1 1 1 1 
-1 -1 -1 1 1 1 1 
-1 -1 -1 1 1 1 1 

531921213965221
1 -1 1 -1 -1 1 -1 
1 1 1 -1 -1 -1 -1 
1 1 1 -1 -1 -1 -1 
-1 -1 -1 1 1 1 1 
-1 -1 -1 1 1 1 1 
-1 -1 -1 1 1 1 1 
-1 -1 -1 1 1 1 1 

531921213965223
1 1 1 -1 -1 1 -1 
1 1 1 -1 -1 -1 -1 
1 1 1 -1 -1 -1 -1 
-1 -1 -1 1 1 1 1 
-1 -1 -1 1 1 1 1 
-1 -1 -1 1 1 1 1 
-1 -1 -1 1 1 1 1 

531921213965225
1 -1 -1 1 -1 1 -1 
1 1 1 -1 -1 -1 -1 
1 1 1 -1 -1 -1 -1 
-1 -1 -1 1 1 1 1 
-1 -1 -1 1 1 1 1 
-1 -1 -1 1 1 1 1 
-1 -1 -1 1 1 1 1 

531921213965227
1 1 -1 1 -1 1 -1 
1 1 1 -1 -1 -1 -1 
1 1 1 -1 -1 -1 -1 
-1 -1 -1 1 1 1 1 
-1 -1 -1 1 1 1 1 
-1 -1 -1 1 1 1 1 
-1 -1 -1 1 1 1 1 

531921213965229
1 -1 1 1 -1 1 -1 
1 1 1 -1 -1 -1 -1 
1 1 1 -1 -1 -1 -1 
-1 -1 -1 1 1 1 1 
-1 -1 -1 1 1 1 1 
-1 -1 -1 1 1 1 1 
-1 -1 -1 1 1 1 1 

531921213965231
1 1 1 1 -1 1 -1 
1 1 1 -1 -1 -1 -1 
1 1 1 -1 -1 -1 -1 
-1 -1 -1 1 1 1 1 
-1 -1 -1 1 1 1 1 
-1 -1 -1 1 1 1 1 
-1 -1 -1 1 1 1 1 

531921213965233
1 -1 -1 -1 1 1 -1 
1 1 1 -1 -1 -1 -1 
1 1 1 -1 -1 -1 -1 
-1 -1 -1 1 1 1 1 
-1 -1 -1 1 1 1 1 
-1 -1 -1 1 1 1 1 
-1 -1 -1 1 1 1 1 

531921213965235
1 1 -1 -1 1 1 -1 
1 1 1 -1 -1 -1 -1 
1 1 1 -1 -1 -1 -1 
-1 -1 -1 1 1 1 1 
-1 -1 -1 1 1 1 1 
-1 -1 -1 1 1 1 1 
-1 -1 -1 1 1 1 1 

531921213965237
1 -1 1 -1 1 1 -1 
1 1 1 -1 -1 -1 -1 
1 1 1 -1 -1 -1 -1 
-1 -1 -1 1 1 1 1 
-1 -1 -1 1 1 1 1 
-1 -1 -1 1 1 1 1 
-1 -1 -1 1 1 1 1 

531921213965239
1 1 1 -1 1 1 -1 
1 1 1 -1 -1 -1 -1 
1 1 1 -1 -1 -1 -1 
-1 -1 -1 1 1 1 1 
-1 -1 -1 1 1 1 1 
-1 -1 -1 1 1 1 1 
-1 -1 -1 1 1 1 1 

531921213965241
1 -1 -1 1 1 1 -1 
1 1 1 -1 -1 -1 -1 
1 1 1 -1 -1 -1 -1 
-1 -1 -1 1 1 1 1 
-1 -1 -1 1 1 1 1 
-1 -1 -1 1 1 1 1 
-1 -1 -1 1 1 1 1 

531921213965243
1 1 -1 1 1 1 -1 
1 1 1 -1 -1 -1 -1 
1 1 1 -1 -1 -1 -1 
-1 -1 -1 1 1 1 1 
-1 -1 -1 1 1 1 1 
-1 -1 -1 1 1 1 1 
-1 -1 -1 1 1 1 1 

531921213965245
1 -1 1 1 1 1 -1 
1 1 1 -1 -1 -1 -1 
1 1 1 -1 -1 -1 -1 
-1 -1 -1 1 1 1 1 
-1 -1 -1 1 1 1 1 
-1 -1 -1 1 1 1 1 
-1 -1 -1 1 1 1 1 

531921213965247
1 1 1 1 1 1 -1 
1 1 1 -1 -1 -1 -1 
1 1 1 -1 -1 -1 -1 
-1 -1 -1 1 1 1 1 
-1 -1 -1 1 1 1 1 
-1 -1 -1 1 1 1 1 
-1 -1 -1 1 1 1 1 

531921213965249
1 -1 -1 -1 -1 -1 1 
1 1 1 -1 -1 -1 -1 
1 1 1 -1 -1 -1 -1 
-1 -1 -1 1 1 1 1 
-1 -1 -1 1 1 1 1 
-1 -1 -1 1 1 1 1 
-1 -1 -1 1 1 1 1 

531921213965251
1 1 -1 -1 -1 -1 1 
1 1 1 -1 -1 -1 -1 
1 1 1 -1 -1 -1 -1 
-1 -1 -1 1 1 1 1 
-1 -1 -1 1 1 1 1 
-1 -1 -1 1 1 1 1 
-1 -1 -1 1 1 1 1 

531921213965253
1 -1 1 -1 -1 -1 1 
1 1 1 -1 -1 -1 -1 
1 1 1 -1 -1 -1 -1 
-1 -1 -1 1 1 1 1 
-1 -1 -1 1 1 1 1 
-1 -1 -1 1 1 1 1 
-1 -1 -1 1 1 1 1 

531921213965255
1 1 1 -1 -1 -1 1 
1 1 1 -1 -1 -1 -1 
1 1 1 -1 -1 -1 -1 
-1 -1 -1 1 1 1 1 
-1 -1 -1 1 1 1 1 
-1 -1 -1 1 1 1 1 
-1 -1 -1 1 1 1 1 

531921213965257
1 -1 -1 1 -1 -1 1 
1 1 1 -1 -1 -1 -1 
1 1 1 -1 -1 -1 -1 
-1 -1 -1 1 1 1 1 
-1 -1 -1 1 1 1 1 
-1 -1 -1 1 1 1 1 
-1 -1 -1 1 1 1 1 

531921213965259
1 1 -1 1 -1 -1 1 
1 1 1 -1 -1 -1 -1 
1 1 1 -1 -1 -1 -1 
-1 -1 -1 1 1 1 1 
-1 -1 -1 1 1 1 1 
-1 -1 -1 1 1 1 1 
-1 -1 -1 1 1 1 1 

531921213965261
1 -1 1 1 -1 -1 1 
1 1 1 -1 -1 -1 -1 
1 1 1 -1 -1 -1 -1 
-1 -1 -1 1 1 1 1 
-1 -1 -1 1 1 1 1 
-1 -1 -1 1 1 1 1 
-1 -1 -1 1 1 1 1 

531921213965263
1 1 1 1 -1 -1 1 
1 1 1 -1 -1 -1 -1 
1 1 1 -1 -1 -1 -1 
-1 -1 -1 1 1 1 1 
-1 -1 -1 1 1 1 1 
-1 -1 -1 1 1 1 1 
-1 -1 -1 1 1 1 1 

531921213965265
1 -1 -1 -1 1 -1 1 
1 1 1 -1 -1 -1 -1 
1 1 1 -1 -1 -1 -1 
-1 -1 -1 1 1 1 1 
-1 -1 -1 1 1 1 1 
-1 -1 -1 1 1 1 1 
-1 -1 -1 1 1 1 1 

531921213965267
1 1 -1 -1 1 -1 1 
1 1 1 -1 -1 -1 -1 
1 1 1 -1 -1 -1 -1 
-1 -1 -1 1 1 1 1 
-1 -1 -1 1 1 1 1 
-1 -1 -1 1 1 1 1 
-1 -1 -1 1 1 1 1 

531921213965269
1 -1 1 -1 1 -1 1 
1 1 1 -1 -1 -1 -1 
1 1 1 -1 -1 -1 -1 
-1 -1 -1 1 1 1 1 
-1 -1 -1 1 1 1 1 
-1 -1 -1 1 1 1 1 
-1 -1 -1 1 1 1 1 

531921213965271
1 1 1 -1 1 -1 1 
1 1 1 -1 -1 -1 -1 
1 1 1 -1 -1 -1 -1 
-1 -1 -1 1 1 1 1 
-1 -1 -1 1 1 1 1 
-1 -1 -1 1 1 1 1 
-1 -1 -1 1 1 1 1 

531921213965273
1 -1 -1 1 1 -1 1 
1 1 1 -1 -1 -1 -1 
1 1 1 -1 -1 -1 -1 
-1 -1 -1 1 1 1 1 
-1 -1 -1 1 1 1 1 
-1 -1 -1 1 1 1 1 
-1 -1 -1 1 1 1 1 

531921213965275
1 1 -1 1 1 -1 1 
1 1 1 -1 -1 -1 -1 
1 1 1 -1 -1 -1 -1 
-1 -1 -1 1 1 1 1 
-1 -1 -1 1 1 1 1 
-1 -1 -1 1 1 1 1 
-1 -1 -1 1 1 1 1 

531921213965277
1 -1 1 1 1 -1 1 
1 1 1 -1 -1 -1 -1 
1 1 1 -1 -1 -1 -1 
-1 -1 -1 1 1 1 1 
-1 -1 -1 1 1 1 1 
-1 -1 -1 1 1 1 1 
-1 -1 -1 1 1 1 1 

531921213965279
1 1 1 1 1 -1 1 
1 1 1 -1 -1 -1 -1 
1 1 1 -1 -1 -1 -1 
-1 -1 -1 1 1 1 1 
-1 -1 -1 1 1 1 1 
-1 -1 -1 1 1 1 1 
-1 -1 -1 1 1 1 1 

531921213965281
1 -1 -1 -1 -1 1 1 
1 1 1 -1 -1 -1 -1 
1 1 1 -1 -1 -1 -1 
-1 -1 -1 1 1 1 1 
-1 -1 -1 1 1 1 1 
-1 -1 -1 1 1 1 1 
-1 -1 -1 1 1 1 1 

531921213965283
1 1 -1 -1 -1 1 1 
1 1 1 -1 -1 -1 -1 
1 1 1 -1 -1 -1 -1 
-1 -1 -1 1 1 1 1 
-1 -1 -1 1 1 1 1 
-1 -1 -1 1 1 1 1 
-1 -1 -1 1 1 1 1 

531921213965285
1 -1 1 -1 -1 1 1 
1 1 1 -1 -1 -1 -1 
1 1 1 -1 -1 -1 -1 
-1 -1 -1 1 1 1 1 
-1 -1 -1 1 1 1 1 
-1 -1 -1 1 1 1 1 
-1 -1 -1 1 1 1 1 

531921213965287
1 1 1 -1 -1 1 1 
1 1 1 -1 -1 -1 -1 
1 1 1 -1 -1 -1 -1 
-1 -1 -1 1 1 1 1 
-1 -1 -1 1 1 1 1 
-1 -1 -1 1 1 1 1 
-1 -1 -1 1 1 1 1 

531921213965289
1 -1 -1 1 -1 1 1 
1 1 1 -1 -1 -1 -1 
1 1 1 -1 -1 -1 -1 
-1 -1 -1 1 1 1 1 
-1 -1 -1 1 1 1 1 
-1 -1 -1 1 1 1 1 
-1 -1 -1 1 1 1 1 

531921213965291
1 1 -1 1 -1 1 1 
1 1 1 -1 -1 -1 -1 
1 1 1 -1 -1 -1 -1 
-1 -1 -1 1 1 1 1 
-1 -1 -1 1 1 1 1 
-1 -1 -1 1 1 1 1 
-1 -1 -1 1 1 1 1 

531921213965293
1 -1 1 1 -1 1 1 
1 1 1 -1 -1 -1 -1 
1 1 1 -1 -1 -1 -1 
-1 -1 -1 1 1 1 1 
-1 -1 -1 1 1 1 1 
-1 -1 -1 1 1 1 1 
-1 -1 -1 1 1 1 1 

531921213965295
1 1 1 1 -1 1 1 
1 1 1 -1 -1 -1 -1 
1 1 1 -1 -1 -1 -1 
-1 -1 -1 1 1 1 1 
-1 -1 -1 1 1 1 1 
-1 -1 -1 1 1 1 1 
-1 -1 -1 1 1 1 1 

531921213965297
1 -1 -1 -1 1 1 1 
1 1 1 -1 -1 -1 -1 
1 1 1 -1 -1 -1 -1 
-1 -1 -1 1 1 1 1 
-1 -1 -1 1 1 1 1 
-1 -1 -1 1 1 1 1 
-1 -1 -1 1 1 1 1 

531921213965299
1 1 -1 -1 1 1 1 
1 1 1 -1 -1 -1 -1 
1 1 1 -1 -1 -1 -1 
-1 -1 -1 1 1 1 1 
-1 -1 -1 1 1 1 1 
-1 -1 -1 1 1 1 1 
-1 -1 -1 1 1 1 1 

531921213965301
1 -1 1 -1 1 1 1 
1 1 1 -1 -1 -1 -1 
1 1 1 -1 -1 -1 -1 
-1 -1 -1 1 1 1 1 
-1 -1 -1 1 1 1 1 
-1 -1 -1 1 1 1 1 
-1 -1 -1 1 1 1 1 

531921213965303
1 1 1 -1 1 1 1 
1 1 1 -1 -1 -1 -1 
1 1 1 -1 -1 -1 -1 
-1 -1 -1 1 1 1 1 
-1 -1 -1 1 1 1 1 
-1 -1 -1 1 1 1 1 
-1 -1 -1 1 1 1 1 

531921213965305
1 -1 -1 1 1 1 1 
1 1 1 -1 -1 -1 -1 
1 1 1 -1 -1 -1 -1 
-1 -1 -1 1 1 1 1 
-1 -1 -1 1 1 1 1 
-1 -1 -1 1 1 1 1 
-1 -1 -1 1 1 1 1 

531921213965307
1 1 -1 1 1 1 1 
1 1 1 -1 -1 -1 -1 
1 1 1 -1 -1 -1 -1 
-1 -1 -1 1 1 1 1 
-1 -1 -1 1 1 1 1 
-1 -1 -1 1 1 1 1 
-1 -1 -1 1 1 1 1 

531921213965309
1 -1 1 1 1 1 1 
1 1 1 -1 -1 -1 -1 
1 1 1 -1 -1 -1 -1 
-1 -1 -1 1 1 1 1 
-1 -1 -1 1 1 1 1 
-1 -1 -1 1 1 1 1 
-1 -1 -1 1 1 1 1 

531921213965311
1 1 1 1 1 1 1 
1 1 1 -1 -1 -1 -1 
1 1 1 -1 -1 -1 -1 
-1 -1 -1 1 1 1 1 
-1 -1 -1 1 1 1 1 
-1 -1 -1 1 1 1 1 
-1 -1 -1 1 1 1 1 

536353890730753
1 -1 -1 -1 -1 -1 -1 
-1 1 1 -1 -1 -1 -1 
-1 1 1 -1 -1 -1 -1 
1 -1 -1 1 1 1 1 
1 -1 -1 1 1 1 1 
1 -1 -1 1 1 1 1 
1 -1 -1 1 1 1 1 

536353890730755
1 1 -1 -1 -1 -1 -1 
-1 1 1 -1 -1 -1 -1 
-1 1 1 -1 -1 -1 -1 
1 -1 -1 1 1 1 1 
1 -1 -1 1 1 1 1 
1 -1 -1 1 1 1 1 
1 -1 -1 1 1 1 1 

536353890730757
1 -1 1 -1 -1 -1 -1 
-1 1 1 -1 -1 -1 -1 
-1 1 1 -1 -1 -1 -1 
1 -1 -1 1 1 1 1 
1 -1 -1 1 1 1 1 
1 -1 -1 1 1 1 1 
1 -1 -1 1 1 1 1 

536353890730759
1 1 1 -1 -1 -1 -1 
-1 1 1 -1 -1 -1 -1 
-1 1 1 -1 -1 -1 -1 
1 -1 -1 1 1 1 1 
1 -1 -1 1 1 1 1 
1 -1 -1 1 1 1 1 
1 -1 -1 1 1 1 1 

536353890730761
1 -1 -1 1 -1 -1 -1 
-1 1 1 -1 -1 -1 -1 
-1 1 1 -1 -1 -1 -1 
1 -1 -1 1 1 1 1 
1 -1 -1 1 1 1 1 
1 -1 -1 1 1 1 1 
1 -1 -1 1 1 1 1 

536353890730763
1 1 -1 1 -1 -1 -1 
-1 1 1 -1 -1 -1 -1 
-1 1 1 -1 -1 -1 -1 
1 -1 -1 1 1 1 1 
1 -1 -1 1 1 1 1 
1 -1 -1 1 1 1 1 
1 -1 -1 1 1 1 1 

536353890730765
1 -1 1 1 -1 -1 -1 
-1 1 1 -1 -1 -1 -1 
-1 1 1 -1 -1 -1 -1 
1 -1 -1 1 1 1 1 
1 -1 -1 1 1 1 1 
1 -1 -1 1 1 1 1 
1 -1 -1 1 1 1 1 

536353890730767
1 1 1 1 -1 -1 -1 
-1 1 1 -1 -1 -1 -1 
-1 1 1 -1 -1 -1 -1 
1 -1 -1 1 1 1 1 
1 -1 -1 1 1 1 1 
1 -1 -1 1 1 1 1 
1 -1 -1 1 1 1 1 

536353890730769
1 -1 -1 -1 1 -1 -1 
-1 1 1 -1 -1 -1 -1 
-1 1 1 -1 -1 -1 -1 
1 -1 -1 1 1 1 1 
1 -1 -1 1 1 1 1 
1 -1 -1 1 1 1 1 
1 -1 -1 1 1 1 1 

536353890730771
1 1 -1 -1 1 -1 -1 
-1 1 1 -1 -1 -1 -1 
-1 1 1 -1 -1 -1 -1 
1 -1 -1 1 1 1 1 
1 -1 -1 1 1 1 1 
1 -1 -1 1 1 1 1 
1 -1 -1 1 1 1 1 

536353890730773
1 -1 1 -1 1 -1 -1 
-1 1 1 -1 -1 -1 -1 
-1 1 1 -1 -1 -1 -1 
1 -1 -1 1 1 1 1 
1 -1 -1 1 1 1 1 
1 -1 -1 1 1 1 1 
1 -1 -1 1 1 1 1 

536353890730775
1 1 1 -1 1 -1 -1 
-1 1 1 -1 -1 -1 -1 
-1 1 1 -1 -1 -1 -1 
1 -1 -1 1 1 1 1 
1 -1 -1 1 1 1 1 
1 -1 -1 1 1 1 1 
1 -1 -1 1 1 1 1 

536353890730777
1 -1 -1 1 1 -1 -1 
-1 1 1 -1 -1 -1 -1 
-1 1 1 -1 -1 -1 -1 
1 -1 -1 1 1 1 1 
1 -1 -1 1 1 1 1 
1 -1 -1 1 1 1 1 
1 -1 -1 1 1 1 1 

536353890730779
1 1 -1 1 1 -1 -1 
-1 1 1 -1 -1 -1 -1 
-1 1 1 -1 -1 -1 -1 
1 -1 -1 1 1 1 1 
1 -1 -1 1 1 1 1 
1 -1 -1 1 1 1 1 
1 -1 -1 1 1 1 1 

536353890730781
1 -1 1 1 1 -1 -1 
-1 1 1 -1 -1 -1 -1 
-1 1 1 -1 -1 -1 -1 
1 -1 -1 1 1 1 1 
1 -1 -1 1 1 1 1 
1 -1 -1 1 1 1 1 
1 -1 -1 1 1 1 1 

536353890730783
1 1 1 1 1 -1 -1 
-1 1 1 -1 -1 -1 -1 
-1 1 1 -1 -1 -1 -1 
1 -1 -1 1 1 1 1 
1 -1 -1 1 1 1 1 
1 -1 -1 1 1 1 1 
1 -1 -1 1 1 1 1 

536353890730785
1 -1 -1 -1 -1 1 -1 
-1 1 1 -1 -1 -1 -1 
-1 1 1 -1 -1 -1 -1 
1 -1 -1 1 1 1 1 
1 -1 -1 1 1 1 1 
1 -1 -1 1 1 1 1 
1 -1 -1 1 1 1 1 

536353890730787
1 1 -1 -1 -1 1 -1 
-1 1 1 -1 -1 -1 -1 
-1 1 1 -1 -1 -1 -1 
1 -1 -1 1 1 1 1 
1 -1 -1 1 1 1 1 
1 -1 -1 1 1 1 1 
1 -1 -1 1 1 1 1 

536353890730789
1 -1 1 -1 -1 1 -1 
-1 1 1 -1 -1 -1 -1 
-1 1 1 -1 -1 -1 -1 
1 -1 -1 1 1 1 1 
1 -1 -1 1 1 1 1 
1 -1 -1 1 1 1 1 
1 -1 -1 1 1 1 1 

536353890730791
1 1 1 -1 -1 1 -1 
-1 1 1 -1 -1 -1 -1 
-1 1 1 -1 -1 -1 -1 
1 -1 -1 1 1 1 1 
1 -1 -1 1 1 1 1 
1 -1 -1 1 1 1 1 
1 -1 -1 1 1 1 1 

536353890730793
1 -1 -1 1 -1 1 -1 
-1 1 1 -1 -1 -1 -1 
-1 1 1 -1 -1 -1 -1 
1 -1 -1 1 1 1 1 
1 -1 -1 1 1 1 1 
1 -1 -1 1 1 1 1 
1 -1 -1 1 1 1 1 

536353890730795
1 1 -1 1 -1 1 -1 
-1 1 1 -1 -1 -1 -1 
-1 1 1 -1 -1 -1 -1 
1 -1 -1 1 1 1 1 
1 -1 -1 1 1 1 1 
1 -1 -1 1 1 1 1 
1 -1 -1 1 1 1 1 

536353890730797
1 -1 1 1 -1 1 -1 
-1 1 1 -1 -1 -1 -1 
-1 1 1 -1 -1 -1 -1 
1 -1 -1 1 1 1 1 
1 -1 -1 1 1 1 1 
1 -1 -1 1 1 1 1 
1 -1 -1 1 1 1 1 

536353890730799
1 1 1 1 -1 1 -1 
-1 1 1 -1 -1 -1 -1 
-1 1 1 -1 -1 -1 -1 
1 -1 -1 1 1 1 1 
1 -1 -1 1 1 1 1 
1 -1 -1 1 1 1 1 
1 -1 -1 1 1 1 1 

536353890730801
1 -1 -1 -1 1 1 -1 
-1 1 1 -1 -1 -1 -1 
-1 1 1 -1 -1 -1 -1 
1 -1 -1 1 1 1 1 
1 -1 -1 1 1 1 1 
1 -1 -1 1 1 1 1 
1 -1 -1 1 1 1 1 

536353890730803
1 1 -1 -1 1 1 -1 
-1 1 1 -1 -1 -1 -1 
-1 1 1 -1 -1 -1 -1 
1 -1 -1 1 1 1 1 
1 -1 -1 1 1 1 1 
1 -1 -1 1 1 1 1 
1 -1 -1 1 1 1 1 

536353890730805
1 -1 1 -1 1 1 -1 
-1 1 1 -1 -1 -1 -1 
-1 1 1 -1 -1 -1 -1 
1 -1 -1 1 1 1 1 
1 -1 -1 1 1 1 1 
1 -1 -1 1 1 1 1 
1 -1 -1 1 1 1 1 

536353890730807
1 1 1 -1 1 1 -1 
-1 1 1 -1 -1 -1 -1 
-1 1 1 -1 -1 -1 -1 
1 -1 -1 1 1 1 1 
1 -1 -1 1 1 1 1 
1 -1 -1 1 1 1 1 
1 -1 -1 1 1 1 1 

536353890730809
1 -1 -1 1 1 1 -1 
-1 1 1 -1 -1 -1 -1 
-1 1 1 -1 -1 -1 -1 
1 -1 -1 1 1 1 1 
1 -1 -1 1 1 1 1 
1 -1 -1 1 1 1 1 
1 -1 -1 1 1 1 1 

536353890730811
1 1 -1 1 1 1 -1 
-1 1 1 -1 -1 -1 -1 
-1 1 1 -1 -1 -1 -1 
1 -1 -1 1 1 1 1 
1 -1 -1 1 1 1 1 
1 -1 -1 1 1 1 1 
1 -1 -1 1 1 1 1 

536353890730813
1 -1 1 1 1 1 -1 
-1 1 1 -1 -1 -1 -1 
-1 1 1 -1 -1 -1 -1 
1 -1 -1 1 1 1 1 
1 -1 -1 1 1 1 1 
1 -1 -1 1 1 1 1 
1 -1 -1 1 1 1 1 

536353890730815
1 1 1 1 1 1 -1 
-1 1 1 -1 -1 -1 -1 
-1 1 1 -1 -1 -1 -1 
1 -1 -1 1 1 1 1 
1 -1 -1 1 1 1 1 
1 -1 -1 1 1 1 1 
1 -1 -1 1 1 1 1 

536353890730817
1 -1 -1 -1 -1 -1 1 
-1 1 1 -1 -1 -1 -1 
-1 1 1 -1 -1 -1 -1 
1 -1 -1 1 1 1 1 
1 -1 -1 1 1 1 1 
1 -1 -1 1 1 1 1 
1 -1 -1 1 1 1 1 

536353890730819
1 1 -1 -1 -1 -1 1 
-1 1 1 -1 -1 -1 -1 
-1 1 1 -1 -1 -1 -1 
1 -1 -1 1 1 1 1 
1 -1 -1 1 1 1 1 
1 -1 -1 1 1 1 1 
1 -1 -1 1 1 1 1 

536353890730821
1 -1 1 -1 -1 -1 1 
-1 1 1 -1 -1 -1 -1 
-1 1 1 -1 -1 -1 -1 
1 -1 -1 1 1 1 1 
1 -1 -1 1 1 1 1 
1 -1 -1 1 1 1 1 
1 -1 -1 1 1 1 1 

536353890730823
1 1 1 -1 -1 -1 1 
-1 1 1 -1 -1 -1 -1 
-1 1 1 -1 -1 -1 -1 
1 -1 -1 1 1 1 1 
1 -1 -1 1 1 1 1 
1 -1 -1 1 1 1 1 
1 -1 -1 1 1 1 1 

536353890730825
1 -1 -1 1 -1 -1 1 
-1 1 1 -1 -1 -1 -1 
-1 1 1 -1 -1 -1 -1 
1 -1 -1 1 1 1 1 
1 -1 -1 1 1 1 1 
1 -1 -1 1 1 1 1 
1 -1 -1 1 1 1 1 

536353890730827
1 1 -1 1 -1 -1 1 
-1 1 1 -1 -1 -1 -1 
-1 1 1 -1 -1 -1 -1 
1 -1 -1 1 1 1 1 
1 -1 -1 1 1 1 1 
1 -1 -1 1 1 1 1 
1 -1 -1 1 1 1 1 

536353890730829
1 -1 1 1 -1 -1 1 
-1 1 1 -1 -1 -1 -1 
-1 1 1 -1 -1 -1 -1 
1 -1 -1 1 1 1 1 
1 -1 -1 1 1 1 1 
1 -1 -1 1 1 1 1 
1 -1 -1 1 1 1 1 

536353890730831
1 1 1 1 -1 -1 1 
-1 1 1 -1 -1 -1 -1 
-1 1 1 -1 -1 -1 -1 
1 -1 -1 1 1 1 1 
1 -1 -1 1 1 1 1 
1 -1 -1 1 1 1 1 
1 -1 -1 1 1 1 1 

536353890730833
1 -1 -1 -1 1 -1 1 
-1 1 1 -1 -1 -1 -1 
-1 1 1 -1 -1 -1 -1 
1 -1 -1 1 1 1 1 
1 -1 -1 1 1 1 1 
1 -1 -1 1 1 1 1 
1 -1 -1 1 1 1 1 

536353890730835
1 1 -1 -1 1 -1 1 
-1 1 1 -1 -1 -1 -1 
-1 1 1 -1 -1 -1 -1 
1 -1 -1 1 1 1 1 
1 -1 -1 1 1 1 1 
1 -1 -1 1 1 1 1 
1 -1 -1 1 1 1 1 

536353890730837
1 -1 1 -1 1 -1 1 
-1 1 1 -1 -1 -1 -1 
-1 1 1 -1 -1 -1 -1 
1 -1 -1 1 1 1 1 
1 -1 -1 1 1 1 1 
1 -1 -1 1 1 1 1 
1 -1 -1 1 1 1 1 

536353890730839
1 1 1 -1 1 -1 1 
-1 1 1 -1 -1 -1 -1 
-1 1 1 -1 -1 -1 -1 
1 -1 -1 1 1 1 1 
1 -1 -1 1 1 1 1 
1 -1 -1 1 1 1 1 
1 -1 -1 1 1 1 1 

536353890730841
1 -1 -1 1 1 -1 1 
-1 1 1 -1 -1 -1 -1 
-1 1 1 -1 -1 -1 -1 
1 -1 -1 1 1 1 1 
1 -1 -1 1 1 1 1 
1 -1 -1 1 1 1 1 
1 -1 -1 1 1 1 1 

536353890730843
1 1 -1 1 1 -1 1 
-1 1 1 -1 -1 -1 -1 
-1 1 1 -1 -1 -1 -1 
1 -1 -1 1 1 1 1 
1 -1 -1 1 1 1 1 
1 -1 -1 1 1 1 1 
1 -1 -1 1 1 1 1 

536353890730845
1 -1 1 1 1 -1 1 
-1 1 1 -1 -1 -1 -1 
-1 1 1 -1 -1 -1 -1 
1 -1 -1 1 1 1 1 
1 -1 -1 1 1 1 1 
1 -1 -1 1 1 1 1 
1 -1 -1 1 1 1 1 

536353890730847
1 1 1 1 1 -1 1 
-1 1 1 -1 -1 -1 -1 
-1 1 1 -1 -1 -1 -1 
1 -1 -1 1 1 1 1 
1 -1 -1 1 1 1 1 
1 -1 -1 1 1 1 1 
1 -1 -1 1 1 1 1 

536353890730849
1 -1 -1 -1 -1 1 1 
-1 1 1 -1 -1 -1 -1 
-1 1 1 -1 -1 -1 -1 
1 -1 -1 1 1 1 1 
1 -1 -1 1 1 1 1 
1 -1 -1 1 1 1 1 
1 -1 -1 1 1 1 1 

536353890730851
1 1 -1 -1 -1 1 1 
-1 1 1 -1 -1 -1 -1 
-1 1 1 -1 -1 -1 -1 
1 -1 -1 1 1 1 1 
1 -1 -1 1 1 1 1 
1 -1 -1 1 1 1 1 
1 -1 -1 1 1 1 1 

536353890730853
1 -1 1 -1 -1 1 1 
-1 1 1 -1 -1 -1 -1 
-1 1 1 -1 -1 -1 -1 
1 -1 -1 1 1 1 1 
1 -1 -1 1 1 1 1 
1 -1 -1 1 1 1 1 
1 -1 -1 1 1 1 1 

536353890730855
1 1 1 -1 -1 1 1 
-1 1 1 -1 -1 -1 -1 
-1 1 1 -1 -1 -1 -1 
1 -1 -1 1 1 1 1 
1 -1 -1 1 1 1 1 
1 -1 -1 1 1 1 1 
1 -1 -1 1 1 1 1 

536353890730857
1 -1 -1 1 -1 1 1 
-1 1 1 -1 -1 -1 -1 
-1 1 1 -1 -1 -1 -1 
1 -1 -1 1 1 1 1 
1 -1 -1 1 1 1 1 
1 -1 -1 1 1 1 1 
1 -1 -1 1 1 1 1 

536353890730859
1 1 -1 1 -1 1 1 
-1 1 1 -1 -1 -1 -1 
-1 1 1 -1 -1 -1 -1 
1 -1 -1 1 1 1 1 
1 -1 -1 1 1 1 1 
1 -1 -1 1 1 1 1 
1 -1 -1 1 1 1 1 

536353890730861
1 -1 1 1 -1 1 1 
-1 1 1 -1 -1 -1 -1 
-1 1 1 -1 -1 -1 -1 
1 -1 -1 1 1 1 1 
1 -1 -1 1 1 1 1 
1 -1 -1 1 1 1 1 
1 -1 -1 1 1 1 1 

536353890730863
1 1 1 1 -1 1 1 
-1 1 1 -1 -1 -1 -1 
-1 1 1 -1 -1 -1 -1 
1 -1 -1 1 1 1 1 
1 -1 -1 1 1 1 1 
1 -1 -1 1 1 1 1 
1 -1 -1 1 1 1 1 

536353890730865
1 -1 -1 -1 1 1 1 
-1 1 1 -1 -1 -1 -1 
-1 1 1 -1 -1 -1 -1 
1 -1 -1 1 1 1 1 
1 -1 -1 1 1 1 1 
1 -1 -1 1 1 1 1 
1 -1 -1 1 1 1 1 

536353890730867
1 1 -1 -1 1 1 1 
-1 1 1 -1 -1 -1 -1 
-1 1 1 -1 -1 -1 -1 
1 -1 -1 1 1 1 1 
1 -1 -1 1 1 1 1 
1 -1 -1 1 1 1 1 
1 -1 -1 1 1 1 1 

536353890730869
1 -1 1 -1 1 1 1 
-1 1 1 -1 -1 -1 -1 
-1 1 1 -1 -1 -1 -1 
1 -1 -1 1 1 1 1 
1 -1 -1 1 1 1 1 
1 -1 -1 1 1 1 1 
1 -1 -1 1 1 1 1 

536353890730871
1 1 1 -1 1 1 1 
-1 1 1 -1 -1 -1 -1 
-1 1 1 -1 -1 -1 -1 
1 -1 -1 1 1 1 1 
1 -1 -1 1 1 1 1 
1 -1 -1 1 1 1 1 
1 -1 -1 1 1 1 1 

536353890730873
1 -1 -1 1 1 1 1 
-1 1 1 -1 -1 -1 -1 
-1 1 1 -1 -1 -1 -1 
1 -1 -1 1 1 1 1 
1 -1 -1 1 1 1 1 
1 -1 -1 1 1 1 1 
1 -1 -1 1 1 1 1 

536353890730875
1 1 -1 1 1 1 1 
-1 1 1 -1 -1 -1 -1 
-1 1 1 -1 -1 -1 -1 
1 -1 -1 1 1 1 1 
1 -1 -1 1 1 1 1 
1 -1 -1 1 1 1 1 
1 -1 -1 1 1 1 1 

536353890730877
1 -1 1 1 1 1 1 
-1 1 1 -1 -1 -1 -1 
-1 1 1 -1 -1 -1 -1 
1 -1 -1 1 1 1 1 
1 -1 -1 1 1 1 1 
1 -1 -1 1 1 1 1 
1 -1 -1 1 1 1 1 

536353890730879
1 1 1 1 1 1 1 
-1 1 1 -1 -1 -1 -1 
-1 1 1 -1 -1 -1 -1 
1 -1 -1 1 1 1 1 
1 -1 -1 1 1 1 1 
1 -1 -1 1 1 1 1 
1 -1 -1 1 1 1 1 

