496459594303233
1 -1 -1 -1 -1 -1 -1 
-1 1 1 1 -1 -1 -1 
-1 1 1 1 -1 -1 -1 
-1 1 1 1 -1 -1 -1 
-1 -1 -1 -1 1 1 1 
-1 -1 -1 -1 1 1 1 
-1 -1 -1 -1 1 1 1 

496459594303235
1 1 -1 -1 -1 -1 -1 
-1 1 1 1 -1 -1 -1 
-1 1 1 1 -1 -1 -1 
-1 1 1 1 -1 -1 -1 
-1 -1 -1 -1 1 1 1 
-1 -1 -1 -1 1 1 1 
-1 -1 -1 -1 1 1 1 

496459594303237
1 -1 1 -1 -1 -1 -1 
-1 1 1 1 -1 -1 -1 
-1 1 1 1 -1 -1 -1 
-1 1 1 1 -1 -1 -1 
-1 -1 -1 -1 1 1 1 
-1 -1 -1 -1 1 1 1 
-1 -1 -1 -1 1 1 1 

496459594303239
1 1 1 -1 -1 -1 -1 
-1 1 1 1 -1 -1 -1 
-1 1 1 1 -1 -1 -1 
-1 1 1 1 -1 -1 -1 
-1 -1 -1 -1 1 1 1 
-1 -1 -1 -1 1 1 1 
-1 -1 -1 -1 1 1 1 

496459594303241
1 -1 -1 1 -1 -1 -1 
-1 1 1 1 -1 -1 -1 
-1 1 1 1 -1 -1 -1 
-1 1 1 1 -1 -1 -1 
-1 -1 -1 -1 1 1 1 
-1 -1 -1 -1 1 1 1 
-1 -1 -1 -1 1 1 1 

496459594303243
1 1 -1 1 -1 -1 -1 
-1 1 1 1 -1 -1 -1 
-1 1 1 1 -1 -1 -1 
-1 1 1 1 -1 -1 -1 
-1 -1 -1 -1 1 1 1 
-1 -1 -1 -1 1 1 1 
-1 -1 -1 -1 1 1 1 

496459594303245
1 -1 1 1 -1 -1 -1 
-1 1 1 1 -1 -1 -1 
-1 1 1 1 -1 -1 -1 
-1 1 1 1 -1 -1 -1 
-1 -1 -1 -1 1 1 1 
-1 -1 -1 -1 1 1 1 
-1 -1 -1 -1 1 1 1 

496459594303247
1 1 1 1 -1 -1 -1 
-1 1 1 1 -1 -1 -1 
-1 1 1 1 -1 -1 -1 
-1 1 1 1 -1 -1 -1 
-1 -1 -1 -1 1 1 1 
-1 -1 -1 -1 1 1 1 
-1 -1 -1 -1 1 1 1 

496459594303249
1 -1 -1 -1 1 -1 -1 
-1 1 1 1 -1 -1 -1 
-1 1 1 1 -1 -1 -1 
-1 1 1 1 -1 -1 -1 
-1 -1 -1 -1 1 1 1 
-1 -1 -1 -1 1 1 1 
-1 -1 -1 -1 1 1 1 

496459594303251
1 1 -1 -1 1 -1 -1 
-1 1 1 1 -1 -1 -1 
-1 1 1 1 -1 -1 -1 
-1 1 1 1 -1 -1 -1 
-1 -1 -1 -1 1 1 1 
-1 -1 -1 -1 1 1 1 
-1 -1 -1 -1 1 1 1 

496459594303253
1 -1 1 -1 1 -1 -1 
-1 1 1 1 -1 -1 -1 
-1 1 1 1 -1 -1 -1 
-1 1 1 1 -1 -1 -1 
-1 -1 -1 -1 1 1 1 
-1 -1 -1 -1 1 1 1 
-1 -1 -1 -1 1 1 1 

496459594303255
1 1 1 -1 1 -1 -1 
-1 1 1 1 -1 -1 -1 
-1 1 1 1 -1 -1 -1 
-1 1 1 1 -1 -1 -1 
-1 -1 -1 -1 1 1 1 
-1 -1 -1 -1 1 1 1 
-1 -1 -1 -1 1 1 1 

496459594303257
1 -1 -1 1 1 -1 -1 
-1 1 1 1 -1 -1 -1 
-1 1 1 1 -1 -1 -1 
-1 1 1 1 -1 -1 -1 
-1 -1 -1 -1 1 1 1 
-1 -1 -1 -1 1 1 1 
-1 -1 -1 -1 1 1 1 

496459594303259
1 1 -1 1 1 -1 -1 
-1 1 1 1 -1 -1 -1 
-1 1 1 1 -1 -1 -1 
-1 1 1 1 -1 -1 -1 
-1 -1 -1 -1 1 1 1 
-1 -1 -1 -1 1 1 1 
-1 -1 -1 -1 1 1 1 

496459594303261
1 -1 1 1 1 -1 -1 
-1 1 1 1 -1 -1 -1 
-1 1 1 1 -1 -1 -1 
-1 1 1 1 -1 -1 -1 
-1 -1 -1 -1 1 1 1 
-1 -1 -1 -1 1 1 1 
-1 -1 -1 -1 1 1 1 

496459594303263
1 1 1 1 1 -1 -1 
-1 1 1 1 -1 -1 -1 
-1 1 1 1 -1 -1 -1 
-1 1 1 1 -1 -1 -1 
-1 -1 -1 -1 1 1 1 
-1 -1 -1 -1 1 1 1 
-1 -1 -1 -1 1 1 1 

496459594303265
1 -1 -1 -1 -1 1 -1 
-1 1 1 1 -1 -1 -1 
-1 1 1 1 -1 -1 -1 
-1 1 1 1 -1 -1 -1 
-1 -1 -1 -1 1 1 1 
-1 -1 -1 -1 1 1 1 
-1 -1 -1 -1 1 1 1 

496459594303267
1 1 -1 -1 -1 1 -1 
-1 1 1 1 -1 -1 -1 
-1 1 1 1 -1 -1 -1 
-1 1 1 1 -1 -1 -1 
-1 -1 -1 -1 1 1 1 
-1 -1 -1 -1 1 1 1 
-1 -1 -1 -1 1 1 1 

496459594303269
1 -1 1 -1 -1 1 -1 
-1 1 1 1 -1 -1 -1 
-1 1 1 1 -1 -1 -1 
-1 1 1 1 -1 -1 -1 
-1 -1 -1 -1 1 1 1 
-1 -1 -1 -1 1 1 1 
-1 -1 -1 -1 1 1 1 

496459594303271
1 1 1 -1 -1 1 -1 
-1 1 1 1 -1 -1 -1 
-1 1 1 1 -1 -1 -1 
-1 1 1 1 -1 -1 -1 
-1 -1 -1 -1 1 1 1 
-1 -1 -1 -1 1 1 1 
-1 -1 -1 -1 1 1 1 

496459594303273
1 -1 -1 1 -1 1 -1 
-1 1 1 1 -1 -1 -1 
-1 1 1 1 -1 -1 -1 
-1 1 1 1 -1 -1 -1 
-1 -1 -1 -1 1 1 1 
-1 -1 -1 -1 1 1 1 
-1 -1 -1 -1 1 1 1 

496459594303275
1 1 -1 1 -1 1 -1 
-1 1 1 1 -1 -1 -1 
-1 1 1 1 -1 -1 -1 
-1 1 1 1 -1 -1 -1 
-1 -1 -1 -1 1 1 1 
-1 -1 -1 -1 1 1 1 
-1 -1 -1 -1 1 1 1 

496459594303277
1 -1 1 1 -1 1 -1 
-1 1 1 1 -1 -1 -1 
-1 1 1 1 -1 -1 -1 
-1 1 1 1 -1 -1 -1 
-1 -1 -1 -1 1 1 1 
-1 -1 -1 -1 1 1 1 
-1 -1 -1 -1 1 1 1 

496459594303279
1 1 1 1 -1 1 -1 
-1 1 1 1 -1 -1 -1 
-1 1 1 1 -1 -1 -1 
-1 1 1 1 -1 -1 -1 
-1 -1 -1 -1 1 1 1 
-1 -1 -1 -1 1 1 1 
-1 -1 -1 -1 1 1 1 

496459594303281
1 -1 -1 -1 1 1 -1 
-1 1 1 1 -1 -1 -1 
-1 1 1 1 -1 -1 -1 
-1 1 1 1 -1 -1 -1 
-1 -1 -1 -1 1 1 1 
-1 -1 -1 -1 1 1 1 
-1 -1 -1 -1 1 1 1 

496459594303283
1 1 -1 -1 1 1 -1 
-1 1 1 1 -1 -1 -1 
-1 1 1 1 -1 -1 -1 
-1 1 1 1 -1 -1 -1 
-1 -1 -1 -1 1 1 1 
-1 -1 -1 -1 1 1 1 
-1 -1 -1 -1 1 1 1 

496459594303285
1 -1 1 -1 1 1 -1 
-1 1 1 1 -1 -1 -1 
-1 1 1 1 -1 -1 -1 
-1 1 1 1 -1 -1 -1 
-1 -1 -1 -1 1 1 1 
-1 -1 -1 -1 1 1 1 
-1 -1 -1 -1 1 1 1 

496459594303287
1 1 1 -1 1 1 -1 
-1 1 1 1 -1 -1 -1 
-1 1 1 1 -1 -1 -1 
-1 1 1 1 -1 -1 -1 
-1 -1 -1 -1 1 1 1 
-1 -1 -1 -1 1 1 1 
-1 -1 -1 -1 1 1 1 

496459594303289
1 -1 -1 1 1 1 -1 
-1 1 1 1 -1 -1 -1 
-1 1 1 1 -1 -1 -1 
-1 1 1 1 -1 -1 -1 
-1 -1 -1 -1 1 1 1 
-1 -1 -1 -1 1 1 1 
-1 -1 -1 -1 1 1 1 

496459594303291
1 1 -1 1 1 1 -1 
-1 1 1 1 -1 -1 -1 
-1 1 1 1 -1 -1 -1 
-1 1 1 1 -1 -1 -1 
-1 -1 -1 -1 1 1 1 
-1 -1 -1 -1 1 1 1 
-1 -1 -1 -1 1 1 1 

496459594303293
1 -1 1 1 1 1 -1 
-1 1 1 1 -1 -1 -1 
-1 1 1 1 -1 -1 -1 
-1 1 1 1 -1 -1 -1 
-1 -1 -1 -1 1 1 1 
-1 -1 -1 -1 1 1 1 
-1 -1 -1 -1 1 1 1 

496459594303295
1 1 1 1 1 1 -1 
-1 1 1 1 -1 -1 -1 
-1 1 1 1 -1 -1 -1 
-1 1 1 1 -1 -1 -1 
-1 -1 -1 -1 1 1 1 
-1 -1 -1 -1 1 1 1 
-1 -1 -1 -1 1 1 1 

496459594303297
1 -1 -1 -1 -1 -1 1 
-1 1 1 1 -1 -1 -1 
-1 1 1 1 -1 -1 -1 
-1 1 1 1 -1 -1 -1 
-1 -1 -1 -1 1 1 1 
-1 -1 -1 -1 1 1 1 
-1 -1 -1 -1 1 1 1 

496459594303299
1 1 -1 -1 -1 -1 1 
-1 1 1 1 -1 -1 -1 
-1 1 1 1 -1 -1 -1 
-1 1 1 1 -1 -1 -1 
-1 -1 -1 -1 1 1 1 
-1 -1 -1 -1 1 1 1 
-1 -1 -1 -1 1 1 1 

496459594303301
1 -1 1 -1 -1 -1 1 
-1 1 1 1 -1 -1 -1 
-1 1 1 1 -1 -1 -1 
-1 1 1 1 -1 -1 -1 
-1 -1 -1 -1 1 1 1 
-1 -1 -1 -1 1 1 1 
-1 -1 -1 -1 1 1 1 

496459594303303
1 1 1 -1 -1 -1 1 
-1 1 1 1 -1 -1 -1 
-1 1 1 1 -1 -1 -1 
-1 1 1 1 -1 -1 -1 
-1 -1 -1 -1 1 1 1 
-1 -1 -1 -1 1 1 1 
-1 -1 -1 -1 1 1 1 

496459594303305
1 -1 -1 1 -1 -1 1 
-1 1 1 1 -1 -1 -1 
-1 1 1 1 -1 -1 -1 
-1 1 1 1 -1 -1 -1 
-1 -1 -1 -1 1 1 1 
-1 -1 -1 -1 1 1 1 
-1 -1 -1 -1 1 1 1 

496459594303307
1 1 -1 1 -1 -1 1 
-1 1 1 1 -1 -1 -1 
-1 1 1 1 -1 -1 -1 
-1 1 1 1 -1 -1 -1 
-1 -1 -1 -1 1 1 1 
-1 -1 -1 -1 1 1 1 
-1 -1 -1 -1 1 1 1 

496459594303309
1 -1 1 1 -1 -1 1 
-1 1 1 1 -1 -1 -1 
-1 1 1 1 -1 -1 -1 
-1 1 1 1 -1 -1 -1 
-1 -1 -1 -1 1 1 1 
-1 -1 -1 -1 1 1 1 
-1 -1 -1 -1 1 1 1 

496459594303311
1 1 1 1 -1 -1 1 
-1 1 1 1 -1 -1 -1 
-1 1 1 1 -1 -1 -1 
-1 1 1 1 -1 -1 -1 
-1 -1 -1 -1 1 1 1 
-1 -1 -1 -1 1 1 1 
-1 -1 -1 -1 1 1 1 

496459594303313
1 -1 -1 -1 1 -1 1 
-1 1 1 1 -1 -1 -1 
-1 1 1 1 -1 -1 -1 
-1 1 1 1 -1 -1 -1 
-1 -1 -1 -1 1 1 1 
-1 -1 -1 -1 1 1 1 
-1 -1 -1 -1 1 1 1 

496459594303315
1 1 -1 -1 1 -1 1 
-1 1 1 1 -1 -1 -1 
-1 1 1 1 -1 -1 -1 
-1 1 1 1 -1 -1 -1 
-1 -1 -1 -1 1 1 1 
-1 -1 -1 -1 1 1 1 
-1 -1 -1 -1 1 1 1 

496459594303317
1 -1 1 -1 1 -1 1 
-1 1 1 1 -1 -1 -1 
-1 1 1 1 -1 -1 -1 
-1 1 1 1 -1 -1 -1 
-1 -1 -1 -1 1 1 1 
-1 -1 -1 -1 1 1 1 
-1 -1 -1 -1 1 1 1 

496459594303319
1 1 1 -1 1 -1 1 
-1 1 1 1 -1 -1 -1 
-1 1 1 1 -1 -1 -1 
-1 1 1 1 -1 -1 -1 
-1 -1 -1 -1 1 1 1 
-1 -1 -1 -1 1 1 1 
-1 -1 -1 -1 1 1 1 

496459594303321
1 -1 -1 1 1 -1 1 
-1 1 1 1 -1 -1 -1 
-1 1 1 1 -1 -1 -1 
-1 1 1 1 -1 -1 -1 
-1 -1 -1 -1 1 1 1 
-1 -1 -1 -1 1 1 1 
-1 -1 -1 -1 1 1 1 

496459594303323
1 1 -1 1 1 -1 1 
-1 1 1 1 -1 -1 -1 
-1 1 1 1 -1 -1 -1 
-1 1 1 1 -1 -1 -1 
-1 -1 -1 -1 1 1 1 
-1 -1 -1 -1 1 1 1 
-1 -1 -1 -1 1 1 1 

496459594303325
1 -1 1 1 1 -1 1 
-1 1 1 1 -1 -1 -1 
-1 1 1 1 -1 -1 -1 
-1 1 1 1 -1 -1 -1 
-1 -1 -1 -1 1 1 1 
-1 -1 -1 -1 1 1 1 
-1 -1 -1 -1 1 1 1 

496459594303327
1 1 1 1 1 -1 1 
-1 1 1 1 -1 -1 -1 
-1 1 1 1 -1 -1 -1 
-1 1 1 1 -1 -1 -1 
-1 -1 -1 -1 1 1 1 
-1 -1 -1 -1 1 1 1 
-1 -1 -1 -1 1 1 1 

496459594303329
1 -1 -1 -1 -1 1 1 
-1 1 1 1 -1 -1 -1 
-1 1 1 1 -1 -1 -1 
-1 1 1 1 -1 -1 -1 
-1 -1 -1 -1 1 1 1 
-1 -1 -1 -1 1 1 1 
-1 -1 -1 -1 1 1 1 

496459594303331
1 1 -1 -1 -1 1 1 
-1 1 1 1 -1 -1 -1 
-1 1 1 1 -1 -1 -1 
-1 1 1 1 -1 -1 -1 
-1 -1 -1 -1 1 1 1 
-1 -1 -1 -1 1 1 1 
-1 -1 -1 -1 1 1 1 

496459594303333
1 -1 1 -1 -1 1 1 
-1 1 1 1 -1 -1 -1 
-1 1 1 1 -1 -1 -1 
-1 1 1 1 -1 -1 -1 
-1 -1 -1 -1 1 1 1 
-1 -1 -1 -1 1 1 1 
-1 -1 -1 -1 1 1 1 

496459594303335
1 1 1 -1 -1 1 1 
-1 1 1 1 -1 -1 -1 
-1 1 1 1 -1 -1 -1 
-1 1 1 1 -1 -1 -1 
-1 -1 -1 -1 1 1 1 
-1 -1 -1 -1 1 1 1 
-1 -1 -1 -1 1 1 1 

496459594303337
1 -1 -1 1 -1 1 1 
-1 1 1 1 -1 -1 -1 
-1 1 1 1 -1 -1 -1 
-1 1 1 1 -1 -1 -1 
-1 -1 -1 -1 1 1 1 
-1 -1 -1 -1 1 1 1 
-1 -1 -1 -1 1 1 1 

496459594303339
1 1 -1 1 -1 1 1 
-1 1 1 1 -1 -1 -1 
-1 1 1 1 -1 -1 -1 
-1 1 1 1 -1 -1 -1 
-1 -1 -1 -1 1 1 1 
-1 -1 -1 -1 1 1 1 
-1 -1 -1 -1 1 1 1 

496459594303341
1 -1 1 1 -1 1 1 
-1 1 1 1 -1 -1 -1 
-1 1 1 1 -1 -1 -1 
-1 1 1 1 -1 -1 -1 
-1 -1 -1 -1 1 1 1 
-1 -1 -1 -1 1 1 1 
-1 -1 -1 -1 1 1 1 

496459594303343
1 1 1 1 -1 1 1 
-1 1 1 1 -1 -1 -1 
-1 1 1 1 -1 -1 -1 
-1 1 1 1 -1 -1 -1 
-1 -1 -1 -1 1 1 1 
-1 -1 -1 -1 1 1 1 
-1 -1 -1 -1 1 1 1 

496459594303345
1 -1 -1 -1 1 1 1 
-1 1 1 1 -1 -1 -1 
-1 1 1 1 -1 -1 -1 
-1 1 1 1 -1 -1 -1 
-1 -1 -1 -1 1 1 1 
-1 -1 -1 -1 1 1 1 
-1 -1 -1 -1 1 1 1 

496459594303347
1 1 -1 -1 1 1 1 
-1 1 1 1 -1 -1 -1 
-1 1 1 1 -1 -1 -1 
-1 1 1 1 -1 -1 -1 
-1 -1 -1 -1 1 1 1 
-1 -1 -1 -1 1 1 1 
-1 -1 -1 -1 1 1 1 

496459594303349
1 -1 1 -1 1 1 1 
-1 1 1 1 -1 -1 -1 
-1 1 1 1 -1 -1 -1 
-1 1 1 1 -1 -1 -1 
-1 -1 -1 -1 1 1 1 
-1 -1 -1 -1 1 1 1 
-1 -1 -1 -1 1 1 1 

496459594303351
1 1 1 -1 1 1 1 
-1 1 1 1 -1 -1 -1 
-1 1 1 1 -1 -1 -1 
-1 1 1 1 -1 -1 -1 
-1 -1 -1 -1 1 1 1 
-1 -1 -1 -1 1 1 1 
-1 -1 -1 -1 1 1 1 

496459594303353
1 -1 -1 1 1 1 1 
-1 1 1 1 -1 -1 -1 
-1 1 1 1 -1 -1 -1 
-1 1 1 1 -1 -1 -1 
-1 -1 -1 -1 1 1 1 
-1 -1 -1 -1 1 1 1 
-1 -1 -1 -1 1 1 1 

496459594303355
1 1 -1 1 1 1 1 
-1 1 1 1 -1 -1 -1 
-1 1 1 1 -1 -1 -1 
-1 1 1 1 -1 -1 -1 
-1 -1 -1 -1 1 1 1 
-1 -1 -1 -1 1 1 1 
-1 -1 -1 -1 1 1 1 

496459594303357
1 -1 1 1 1 1 1 
-1 1 1 1 -1 -1 -1 
-1 1 1 1 -1 -1 -1 
-1 1 1 1 -1 -1 -1 
-1 -1 -1 -1 1 1 1 
-1 -1 -1 -1 1 1 1 
-1 -1 -1 -1 1 1 1 

496459594303359
1 1 1 1 1 1 1 
-1 1 1 1 -1 -1 -1 
-1 1 1 1 -1 -1 -1 
-1 1 1 1 -1 -1 -1 
-1 -1 -1 -1 1 1 1 
-1 -1 -1 -1 1 1 1 
-1 -1 -1 -1 1 1 1 

496459596416897
1 -1 -1 -1 -1 -1 -1 
1 1 1 1 -1 -1 -1 
1 1 1 1 -1 -1 -1 
1 1 1 1 -1 -1 -1 
-1 -1 -1 -1 1 1 1 
-1 -1 -1 -1 1 1 1 
-1 -1 -1 -1 1 1 1 

496459596416899
1 1 -1 -1 -1 -1 -1 
1 1 1 1 -1 -1 -1 
1 1 1 1 -1 -1 -1 
1 1 1 1 -1 -1 -1 
-1 -1 -1 -1 1 1 1 
-1 -1 -1 -1 1 1 1 
-1 -1 -1 -1 1 1 1 

496459596416901
1 -1 1 -1 -1 -1 -1 
1 1 1 1 -1 -1 -1 
1 1 1 1 -1 -1 -1 
1 1 1 1 -1 -1 -1 
-1 -1 -1 -1 1 1 1 
-1 -1 -1 -1 1 1 1 
-1 -1 -1 -1 1 1 1 

496459596416903
1 1 1 -1 -1 -1 -1 
1 1 1 1 -1 -1 -1 
1 1 1 1 -1 -1 -1 
1 1 1 1 -1 -1 -1 
-1 -1 -1 -1 1 1 1 
-1 -1 -1 -1 1 1 1 
-1 -1 -1 -1 1 1 1 

496459596416905
1 -1 -1 1 -1 -1 -1 
1 1 1 1 -1 -1 -1 
1 1 1 1 -1 -1 -1 
1 1 1 1 -1 -1 -1 
-1 -1 -1 -1 1 1 1 
-1 -1 -1 -1 1 1 1 
-1 -1 -1 -1 1 1 1 

496459596416907
1 1 -1 1 -1 -1 -1 
1 1 1 1 -1 -1 -1 
1 1 1 1 -1 -1 -1 
1 1 1 1 -1 -1 -1 
-1 -1 -1 -1 1 1 1 
-1 -1 -1 -1 1 1 1 
-1 -1 -1 -1 1 1 1 

496459596416909
1 -1 1 1 -1 -1 -1 
1 1 1 1 -1 -1 -1 
1 1 1 1 -1 -1 -1 
1 1 1 1 -1 -1 -1 
-1 -1 -1 -1 1 1 1 
-1 -1 -1 -1 1 1 1 
-1 -1 -1 -1 1 1 1 

496459596416911
1 1 1 1 -1 -1 -1 
1 1 1 1 -1 -1 -1 
1 1 1 1 -1 -1 -1 
1 1 1 1 -1 -1 -1 
-1 -1 -1 -1 1 1 1 
-1 -1 -1 -1 1 1 1 
-1 -1 -1 -1 1 1 1 

496459596416913
1 -1 -1 -1 1 -1 -1 
1 1 1 1 -1 -1 -1 
1 1 1 1 -1 -1 -1 
1 1 1 1 -1 -1 -1 
-1 -1 -1 -1 1 1 1 
-1 -1 -1 -1 1 1 1 
-1 -1 -1 -1 1 1 1 

496459596416915
1 1 -1 -1 1 -1 -1 
1 1 1 1 -1 -1 -1 
1 1 1 1 -1 -1 -1 
1 1 1 1 -1 -1 -1 
-1 -1 -1 -1 1 1 1 
-1 -1 -1 -1 1 1 1 
-1 -1 -1 -1 1 1 1 

496459596416917
1 -1 1 -1 1 -1 -1 
1 1 1 1 -1 -1 -1 
1 1 1 1 -1 -1 -1 
1 1 1 1 -1 -1 -1 
-1 -1 -1 -1 1 1 1 
-1 -1 -1 -1 1 1 1 
-1 -1 -1 -1 1 1 1 

496459596416919
1 1 1 -1 1 -1 -1 
1 1 1 1 -1 -1 -1 
1 1 1 1 -1 -1 -1 
1 1 1 1 -1 -1 -1 
-1 -1 -1 -1 1 1 1 
-1 -1 -1 -1 1 1 1 
-1 -1 -1 -1 1 1 1 

496459596416921
1 -1 -1 1 1 -1 -1 
1 1 1 1 -1 -1 -1 
1 1 1 1 -1 -1 -1 
1 1 1 1 -1 -1 -1 
-1 -1 -1 -1 1 1 1 
-1 -1 -1 -1 1 1 1 
-1 -1 -1 -1 1 1 1 

496459596416923
1 1 -1 1 1 -1 -1 
1 1 1 1 -1 -1 -1 
1 1 1 1 -1 -1 -1 
1 1 1 1 -1 -1 -1 
-1 -1 -1 -1 1 1 1 
-1 -1 -1 -1 1 1 1 
-1 -1 -1 -1 1 1 1 

496459596416925
1 -1 1 1 1 -1 -1 
1 1 1 1 -1 -1 -1 
1 1 1 1 -1 -1 -1 
1 1 1 1 -1 -1 -1 
-1 -1 -1 -1 1 1 1 
-1 -1 -1 -1 1 1 1 
-1 -1 -1 -1 1 1 1 

496459596416927
1 1 1 1 1 -1 -1 
1 1 1 1 -1 -1 -1 
1 1 1 1 -1 -1 -1 
1 1 1 1 -1 -1 -1 
-1 -1 -1 -1 1 1 1 
-1 -1 -1 -1 1 1 1 
-1 -1 -1 -1 1 1 1 

496459596416929
1 -1 -1 -1 -1 1 -1 
1 1 1 1 -1 -1 -1 
1 1 1 1 -1 -1 -1 
1 1 1 1 -1 -1 -1 
-1 -1 -1 -1 1 1 1 
-1 -1 -1 -1 1 1 1 
-1 -1 -1 -1 1 1 1 

496459596416931
1 1 -1 -1 -1 1 -1 
1 1 1 1 -1 -1 -1 
1 1 1 1 -1 -1 -1 
1 1 1 1 -1 -1 -1 
-1 -1 -1 -1 1 1 1 
-1 -1 -1 -1 1 1 1 
-1 -1 -1 -1 1 1 1 

496459596416933
1 -1 1 -1 -1 1 -1 
1 1 1 1 -1 -1 -1 
1 1 1 1 -1 -1 -1 
1 1 1 1 -1 -1 -1 
-1 -1 -1 -1 1 1 1 
-1 -1 -1 -1 1 1 1 
-1 -1 -1 -1 1 1 1 

496459596416935
1 1 1 -1 -1 1 -1 
1 1 1 1 -1 -1 -1 
1 1 1 1 -1 -1 -1 
1 1 1 1 -1 -1 -1 
-1 -1 -1 -1 1 1 1 
-1 -1 -1 -1 1 1 1 
-1 -1 -1 -1 1 1 1 

496459596416937
1 -1 -1 1 -1 1 -1 
1 1 1 1 -1 -1 -1 
1 1 1 1 -1 -1 -1 
1 1 1 1 -1 -1 -1 
-1 -1 -1 -1 1 1 1 
-1 -1 -1 -1 1 1 1 
-1 -1 -1 -1 1 1 1 

496459596416939
1 1 -1 1 -1 1 -1 
1 1 1 1 -1 -1 -1 
1 1 1 1 -1 -1 -1 
1 1 1 1 -1 -1 -1 
-1 -1 -1 -1 1 1 1 
-1 -1 -1 -1 1 1 1 
-1 -1 -1 -1 1 1 1 

496459596416941
1 -1 1 1 -1 1 -1 
1 1 1 1 -1 -1 -1 
1 1 1 1 -1 -1 -1 
1 1 1 1 -1 -1 -1 
-1 -1 -1 -1 1 1 1 
-1 -1 -1 -1 1 1 1 
-1 -1 -1 -1 1 1 1 

496459596416943
1 1 1 1 -1 1 -1 
1 1 1 1 -1 -1 -1 
1 1 1 1 -1 -1 -1 
1 1 1 1 -1 -1 -1 
-1 -1 -1 -1 1 1 1 
-1 -1 -1 -1 1 1 1 
-1 -1 -1 -1 1 1 1 

496459596416945
1 -1 -1 -1 1 1 -1 
1 1 1 1 -1 -1 -1 
1 1 1 1 -1 -1 -1 
1 1 1 1 -1 -1 -1 
-1 -1 -1 -1 1 1 1 
-1 -1 -1 -1 1 1 1 
-1 -1 -1 -1 1 1 1 

496459596416947
1 1 -1 -1 1 1 -1 
1 1 1 1 -1 -1 -1 
1 1 1 1 -1 -1 -1 
1 1 1 1 -1 -1 -1 
-1 -1 -1 -1 1 1 1 
-1 -1 -1 -1 1 1 1 
-1 -1 -1 -1 1 1 1 

496459596416949
1 -1 1 -1 1 1 -1 
1 1 1 1 -1 -1 -1 
1 1 1 1 -1 -1 -1 
1 1 1 1 -1 -1 -1 
-1 -1 -1 -1 1 1 1 
-1 -1 -1 -1 1 1 1 
-1 -1 -1 -1 1 1 1 

496459596416951
1 1 1 -1 1 1 -1 
1 1 1 1 -1 -1 -1 
1 1 1 1 -1 -1 -1 
1 1 1 1 -1 -1 -1 
-1 -1 -1 -1 1 1 1 
-1 -1 -1 -1 1 1 1 
-1 -1 -1 -1 1 1 1 

496459596416953
1 -1 -1 1 1 1 -1 
1 1 1 1 -1 -1 -1 
1 1 1 1 -1 -1 -1 
1 1 1 1 -1 -1 -1 
-1 -1 -1 -1 1 1 1 
-1 -1 -1 -1 1 1 1 
-1 -1 -1 -1 1 1 1 

496459596416955
1 1 -1 1 1 1 -1 
1 1 1 1 -1 -1 -1 
1 1 1 1 -1 -1 -1 
1 1 1 1 -1 -1 -1 
-1 -1 -1 -1 1 1 1 
-1 -1 -1 -1 1 1 1 
-1 -1 -1 -1 1 1 1 

496459596416957
1 -1 1 1 1 1 -1 
1 1 1 1 -1 -1 -1 
1 1 1 1 -1 -1 -1 
1 1 1 1 -1 -1 -1 
-1 -1 -1 -1 1 1 1 
-1 -1 -1 -1 1 1 1 
-1 -1 -1 -1 1 1 1 

496459596416959
1 1 1 1 1 1 -1 
1 1 1 1 -1 -1 -1 
1 1 1 1 -1 -1 -1 
1 1 1 1 -1 -1 -1 
-1 -1 -1 -1 1 1 1 
-1 -1 -1 -1 1 1 1 
-1 -1 -1 -1 1 1 1 

496459596416961
1 -1 -1 -1 -1 -1 1 
1 1 1 1 -1 -1 -1 
1 1 1 1 -1 -1 -1 
1 1 1 1 -1 -1 -1 
-1 -1 -1 -1 1 1 1 
-1 -1 -1 -1 1 1 1 
-1 -1 -1 -1 1 1 1 

496459596416963
1 1 -1 -1 -1 -1 1 
1 1 1 1 -1 -1 -1 
1 1 1 1 -1 -1 -1 
1 1 1 1 -1 -1 -1 
-1 -1 -1 -1 1 1 1 
-1 -1 -1 -1 1 1 1 
-1 -1 -1 -1 1 1 1 

496459596416965
1 -1 1 -1 -1 -1 1 
1 1 1 1 -1 -1 -1 
1 1 1 1 -1 -1 -1 
1 1 1 1 -1 -1 -1 
-1 -1 -1 -1 1 1 1 
-1 -1 -1 -1 1 1 1 
-1 -1 -1 -1 1 1 1 

496459596416967
1 1 1 -1 -1 -1 1 
1 1 1 1 -1 -1 -1 
1 1 1 1 -1 -1 -1 
1 1 1 1 -1 -1 -1 
-1 -1 -1 -1 1 1 1 
-1 -1 -1 -1 1 1 1 
-1 -1 -1 -1 1 1 1 

496459596416969
1 -1 -1 1 -1 -1 1 
1 1 1 1 -1 -1 -1 
1 1 1 1 -1 -1 -1 
1 1 1 1 -1 -1 -1 
-1 -1 -1 -1 1 1 1 
-1 -1 -1 -1 1 1 1 
-1 -1 -1 -1 1 1 1 

496459596416971
1 1 -1 1 -1 -1 1 
1 1 1 1 -1 -1 -1 
1 1 1 1 -1 -1 -1 
1 1 1 1 -1 -1 -1 
-1 -1 -1 -1 1 1 1 
-1 -1 -1 -1 1 1 1 
-1 -1 -1 -1 1 1 1 

496459596416973
1 -1 1 1 -1 -1 1 
1 1 1 1 -1 -1 -1 
1 1 1 1 -1 -1 -1 
1 1 1 1 -1 -1 -1 
-1 -1 -1 -1 1 1 1 
-1 -1 -1 -1 1 1 1 
-1 -1 -1 -1 1 1 1 

496459596416975
1 1 1 1 -1 -1 1 
1 1 1 1 -1 -1 -1 
1 1 1 1 -1 -1 -1 
1 1 1 1 -1 -1 -1 
-1 -1 -1 -1 1 1 1 
-1 -1 -1 -1 1 1 1 
-1 -1 -1 -1 1 1 1 

496459596416977
1 -1 -1 -1 1 -1 1 
1 1 1 1 -1 -1 -1 
1 1 1 1 -1 -1 -1 
1 1 1 1 -1 -1 -1 
-1 -1 -1 -1 1 1 1 
-1 -1 -1 -1 1 1 1 
-1 -1 -1 -1 1 1 1 

496459596416979
1 1 -1 -1 1 -1 1 
1 1 1 1 -1 -1 -1 
1 1 1 1 -1 -1 -1 
1 1 1 1 -1 -1 -1 
-1 -1 -1 -1 1 1 1 
-1 -1 -1 -1 1 1 1 
-1 -1 -1 -1 1 1 1 

496459596416981
1 -1 1 -1 1 -1 1 
1 1 1 1 -1 -1 -1 
1 1 1 1 -1 -1 -1 
1 1 1 1 -1 -1 -1 
-1 -1 -1 -1 1 1 1 
-1 -1 -1 -1 1 1 1 
-1 -1 -1 -1 1 1 1 

496459596416983
1 1 1 -1 1 -1 1 
1 1 1 1 -1 -1 -1 
1 1 1 1 -1 -1 -1 
1 1 1 1 -1 -1 -1 
-1 -1 -1 -1 1 1 1 
-1 -1 -1 -1 1 1 1 
-1 -1 -1 -1 1 1 1 

496459596416985
1 -1 -1 1 1 -1 1 
1 1 1 1 -1 -1 -1 
1 1 1 1 -1 -1 -1 
1 1 1 1 -1 -1 -1 
-1 -1 -1 -1 1 1 1 
-1 -1 -1 -1 1 1 1 
-1 -1 -1 -1 1 1 1 

496459596416987
1 1 -1 1 1 -1 1 
1 1 1 1 -1 -1 -1 
1 1 1 1 -1 -1 -1 
1 1 1 1 -1 -1 -1 
-1 -1 -1 -1 1 1 1 
-1 -1 -1 -1 1 1 1 
-1 -1 -1 -1 1 1 1 

496459596416989
1 -1 1 1 1 -1 1 
1 1 1 1 -1 -1 -1 
1 1 1 1 -1 -1 -1 
1 1 1 1 -1 -1 -1 
-1 -1 -1 -1 1 1 1 
-1 -1 -1 -1 1 1 1 
-1 -1 -1 -1 1 1 1 

496459596416991
1 1 1 1 1 -1 1 
1 1 1 1 -1 -1 -1 
1 1 1 1 -1 -1 -1 
1 1 1 1 -1 -1 -1 
-1 -1 -1 -1 1 1 1 
-1 -1 -1 -1 1 1 1 
-1 -1 -1 -1 1 1 1 

496459596416993
1 -1 -1 -1 -1 1 1 
1 1 1 1 -1 -1 -1 
1 1 1 1 -1 -1 -1 
1 1 1 1 -1 -1 -1 
-1 -1 -1 -1 1 1 1 
-1 -1 -1 -1 1 1 1 
-1 -1 -1 -1 1 1 1 

496459596416995
1 1 -1 -1 -1 1 1 
1 1 1 1 -1 -1 -1 
1 1 1 1 -1 -1 -1 
1 1 1 1 -1 -1 -1 
-1 -1 -1 -1 1 1 1 
-1 -1 -1 -1 1 1 1 
-1 -1 -1 -1 1 1 1 

496459596416997
1 -1 1 -1 -1 1 1 
1 1 1 1 -1 -1 -1 
1 1 1 1 -1 -1 -1 
1 1 1 1 -1 -1 -1 
-1 -1 -1 -1 1 1 1 
-1 -1 -1 -1 1 1 1 
-1 -1 -1 -1 1 1 1 

496459596416999
1 1 1 -1 -1 1 1 
1 1 1 1 -1 -1 -1 
1 1 1 1 -1 -1 -1 
1 1 1 1 -1 -1 -1 
-1 -1 -1 -1 1 1 1 
-1 -1 -1 -1 1 1 1 
-1 -1 -1 -1 1 1 1 

496459596417001
1 -1 -1 1 -1 1 1 
1 1 1 1 -1 -1 -1 
1 1 1 1 -1 -1 -1 
1 1 1 1 -1 -1 -1 
-1 -1 -1 -1 1 1 1 
-1 -1 -1 -1 1 1 1 
-1 -1 -1 -1 1 1 1 

496459596417003
1 1 -1 1 -1 1 1 
1 1 1 1 -1 -1 -1 
1 1 1 1 -1 -1 -1 
1 1 1 1 -1 -1 -1 
-1 -1 -1 -1 1 1 1 
-1 -1 -1 -1 1 1 1 
-1 -1 -1 -1 1 1 1 

496459596417005
1 -1 1 1 -1 1 1 
1 1 1 1 -1 -1 -1 
1 1 1 1 -1 -1 -1 
1 1 1 1 -1 -1 -1 
-1 -1 -1 -1 1 1 1 
-1 -1 -1 -1 1 1 1 
-1 -1 -1 -1 1 1 1 

496459596417007
1 1 1 1 -1 1 1 
1 1 1 1 -1 -1 -1 
1 1 1 1 -1 -1 -1 
1 1 1 1 -1 -1 -1 
-1 -1 -1 -1 1 1 1 
-1 -1 -1 -1 1 1 1 
-1 -1 -1 -1 1 1 1 

496459596417009
1 -1 -1 -1 1 1 1 
1 1 1 1 -1 -1 -1 
1 1 1 1 -1 -1 -1 
1 1 1 1 -1 -1 -1 
-1 -1 -1 -1 1 1 1 
-1 -1 -1 -1 1 1 1 
-1 -1 -1 -1 1 1 1 

496459596417011
1 1 -1 -1 1 1 1 
1 1 1 1 -1 -1 -1 
1 1 1 1 -1 -1 -1 
1 1 1 1 -1 -1 -1 
-1 -1 -1 -1 1 1 1 
-1 -1 -1 -1 1 1 1 
-1 -1 -1 -1 1 1 1 

496459596417013
1 -1 1 -1 1 1 1 
1 1 1 1 -1 -1 -1 
1 1 1 1 -1 -1 -1 
1 1 1 1 -1 -1 -1 
-1 -1 -1 -1 1 1 1 
-1 -1 -1 -1 1 1 1 
-1 -1 -1 -1 1 1 1 

496459596417015
1 1 1 -1 1 1 1 
1 1 1 1 -1 -1 -1 
1 1 1 1 -1 -1 -1 
1 1 1 1 -1 -1 -1 
-1 -1 -1 -1 1 1 1 
-1 -1 -1 -1 1 1 1 
-1 -1 -1 -1 1 1 1 

496459596417017
1 -1 -1 1 1 1 1 
1 1 1 1 -1 -1 -1 
1 1 1 1 -1 -1 -1 
1 1 1 1 -1 -1 -1 
-1 -1 -1 -1 1 1 1 
-1 -1 -1 -1 1 1 1 
-1 -1 -1 -1 1 1 1 

496459596417019
1 1 -1 1 1 1 1 
1 1 1 1 -1 -1 -1 
1 1 1 1 -1 -1 -1 
1 1 1 1 -1 -1 -1 
-1 -1 -1 -1 1 1 1 
-1 -1 -1 -1 1 1 1 
-1 -1 -1 -1 1 1 1 

496459596417021
1 -1 1 1 1 1 1 
1 1 1 1 -1 -1 -1 
1 1 1 1 -1 -1 -1 
1 1 1 1 -1 -1 -1 
-1 -1 -1 -1 1 1 1 
-1 -1 -1 -1 1 1 1 
-1 -1 -1 -1 1 1 1 

496459596417023
1 1 1 1 1 1 1 
1 1 1 1 -1 -1 -1 
1 1 1 1 -1 -1 -1 
1 1 1 1 -1 -1 -1 
-1 -1 -1 -1 1 1 1 
-1 -1 -1 -1 1 1 1 
-1 -1 -1 -1 1 1 1 

500892268988161
1 -1 -1 -1 -1 -1 -1 
-1 1 1 1 -1 -1 -1 
-1 1 1 1 -1 -1 -1 
-1 1 1 1 -1 -1 -1 
1 -1 -1 -1 1 1 1 
1 -1 -1 -1 1 1 1 
1 -1 -1 -1 1 1 1 

500892268988163
1 1 -1 -1 -1 -1 -1 
-1 1 1 1 -1 -1 -1 
-1 1 1 1 -1 -1 -1 
-1 1 1 1 -1 -1 -1 
1 -1 -1 -1 1 1 1 
1 -1 -1 -1 1 1 1 
1 -1 -1 -1 1 1 1 

500892268988165
1 -1 1 -1 -1 -1 -1 
-1 1 1 1 -1 -1 -1 
-1 1 1 1 -1 -1 -1 
-1 1 1 1 -1 -1 -1 
1 -1 -1 -1 1 1 1 
1 -1 -1 -1 1 1 1 
1 -1 -1 -1 1 1 1 

500892268988167
1 1 1 -1 -1 -1 -1 
-1 1 1 1 -1 -1 -1 
-1 1 1 1 -1 -1 -1 
-1 1 1 1 -1 -1 -1 
1 -1 -1 -1 1 1 1 
1 -1 -1 -1 1 1 1 
1 -1 -1 -1 1 1 1 

500892268988169
1 -1 -1 1 -1 -1 -1 
-1 1 1 1 -1 -1 -1 
-1 1 1 1 -1 -1 -1 
-1 1 1 1 -1 -1 -1 
1 -1 -1 -1 1 1 1 
1 -1 -1 -1 1 1 1 
1 -1 -1 -1 1 1 1 

500892268988171
1 1 -1 1 -1 -1 -1 
-1 1 1 1 -1 -1 -1 
-1 1 1 1 -1 -1 -1 
-1 1 1 1 -1 -1 -1 
1 -1 -1 -1 1 1 1 
1 -1 -1 -1 1 1 1 
1 -1 -1 -1 1 1 1 

500892268988173
1 -1 1 1 -1 -1 -1 
-1 1 1 1 -1 -1 -1 
-1 1 1 1 -1 -1 -1 
-1 1 1 1 -1 -1 -1 
1 -1 -1 -1 1 1 1 
1 -1 -1 -1 1 1 1 
1 -1 -1 -1 1 1 1 

500892268988175
1 1 1 1 -1 -1 -1 
-1 1 1 1 -1 -1 -1 
-1 1 1 1 -1 -1 -1 
-1 1 1 1 -1 -1 -1 
1 -1 -1 -1 1 1 1 
1 -1 -1 -1 1 1 1 
1 -1 -1 -1 1 1 1 

500892268988177
1 -1 -1 -1 1 -1 -1 
-1 1 1 1 -1 -1 -1 
-1 1 1 1 -1 -1 -1 
-1 1 1 1 -1 -1 -1 
1 -1 -1 -1 1 1 1 
1 -1 -1 -1 1 1 1 
1 -1 -1 -1 1 1 1 

500892268988179
1 1 -1 -1 1 -1 -1 
-1 1 1 1 -1 -1 -1 
-1 1 1 1 -1 -1 -1 
-1 1 1 1 -1 -1 -1 
1 -1 -1 -1 1 1 1 
1 -1 -1 -1 1 1 1 
1 -1 -1 -1 1 1 1 

500892268988181
1 -1 1 -1 1 -1 -1 
-1 1 1 1 -1 -1 -1 
-1 1 1 1 -1 -1 -1 
-1 1 1 1 -1 -1 -1 
1 -1 -1 -1 1 1 1 
1 -1 -1 -1 1 1 1 
1 -1 -1 -1 1 1 1 

500892268988183
1 1 1 -1 1 -1 -1 
-1 1 1 1 -1 -1 -1 
-1 1 1 1 -1 -1 -1 
-1 1 1 1 -1 -1 -1 
1 -1 -1 -1 1 1 1 
1 -1 -1 -1 1 1 1 
1 -1 -1 -1 1 1 1 

500892268988185
1 -1 -1 1 1 -1 -1 
-1 1 1 1 -1 -1 -1 
-1 1 1 1 -1 -1 -1 
-1 1 1 1 -1 -1 -1 
1 -1 -1 -1 1 1 1 
1 -1 -1 -1 1 1 1 
1 -1 -1 -1 1 1 1 

500892268988187
1 1 -1 1 1 -1 -1 
-1 1 1 1 -1 -1 -1 
-1 1 1 1 -1 -1 -1 
-1 1 1 1 -1 -1 -1 
1 -1 -1 -1 1 1 1 
1 -1 -1 -1 1 1 1 
1 -1 -1 -1 1 1 1 

500892268988189
1 -1 1 1 1 -1 -1 
-1 1 1 1 -1 -1 -1 
-1 1 1 1 -1 -1 -1 
-1 1 1 1 -1 -1 -1 
1 -1 -1 -1 1 1 1 
1 -1 -1 -1 1 1 1 
1 -1 -1 -1 1 1 1 

500892268988191
1 1 1 1 1 -1 -1 
-1 1 1 1 -1 -1 -1 
-1 1 1 1 -1 -1 -1 
-1 1 1 1 -1 -1 -1 
1 -1 -1 -1 1 1 1 
1 -1 -1 -1 1 1 1 
1 -1 -1 -1 1 1 1 

500892268988193
1 -1 -1 -1 -1 1 -1 
-1 1 1 1 -1 -1 -1 
-1 1 1 1 -1 -1 -1 
-1 1 1 1 -1 -1 -1 
1 -1 -1 -1 1 1 1 
1 -1 -1 -1 1 1 1 
1 -1 -1 -1 1 1 1 

500892268988195
1 1 -1 -1 -1 1 -1 
-1 1 1 1 -1 -1 -1 
-1 1 1 1 -1 -1 -1 
-1 1 1 1 -1 -1 -1 
1 -1 -1 -1 1 1 1 
1 -1 -1 -1 1 1 1 
1 -1 -1 -1 1 1 1 

500892268988197
1 -1 1 -1 -1 1 -1 
-1 1 1 1 -1 -1 -1 
-1 1 1 1 -1 -1 -1 
-1 1 1 1 -1 -1 -1 
1 -1 -1 -1 1 1 1 
1 -1 -1 -1 1 1 1 
1 -1 -1 -1 1 1 1 

500892268988199
1 1 1 -1 -1 1 -1 
-1 1 1 1 -1 -1 -1 
-1 1 1 1 -1 -1 -1 
-1 1 1 1 -1 -1 -1 
1 -1 -1 -1 1 1 1 
1 -1 -1 -1 1 1 1 
1 -1 -1 -1 1 1 1 

500892268988201
1 -1 -1 1 -1 1 -1 
-1 1 1 1 -1 -1 -1 
-1 1 1 1 -1 -1 -1 
-1 1 1 1 -1 -1 -1 
1 -1 -1 -1 1 1 1 
1 -1 -1 -1 1 1 1 
1 -1 -1 -1 1 1 1 

500892268988203
1 1 -1 1 -1 1 -1 
-1 1 1 1 -1 -1 -1 
-1 1 1 1 -1 -1 -1 
-1 1 1 1 -1 -1 -1 
1 -1 -1 -1 1 1 1 
1 -1 -1 -1 1 1 1 
1 -1 -1 -1 1 1 1 

500892268988205
1 -1 1 1 -1 1 -1 
-1 1 1 1 -1 -1 -1 
-1 1 1 1 -1 -1 -1 
-1 1 1 1 -1 -1 -1 
1 -1 -1 -1 1 1 1 
1 -1 -1 -1 1 1 1 
1 -1 -1 -1 1 1 1 

500892268988207
1 1 1 1 -1 1 -1 
-1 1 1 1 -1 -1 -1 
-1 1 1 1 -1 -1 -1 
-1 1 1 1 -1 -1 -1 
1 -1 -1 -1 1 1 1 
1 -1 -1 -1 1 1 1 
1 -1 -1 -1 1 1 1 

500892268988209
1 -1 -1 -1 1 1 -1 
-1 1 1 1 -1 -1 -1 
-1 1 1 1 -1 -1 -1 
-1 1 1 1 -1 -1 -1 
1 -1 -1 -1 1 1 1 
1 -1 -1 -1 1 1 1 
1 -1 -1 -1 1 1 1 

500892268988211
1 1 -1 -1 1 1 -1 
-1 1 1 1 -1 -1 -1 
-1 1 1 1 -1 -1 -1 
-1 1 1 1 -1 -1 -1 
1 -1 -1 -1 1 1 1 
1 -1 -1 -1 1 1 1 
1 -1 -1 -1 1 1 1 

500892268988213
1 -1 1 -1 1 1 -1 
-1 1 1 1 -1 -1 -1 
-1 1 1 1 -1 -1 -1 
-1 1 1 1 -1 -1 -1 
1 -1 -1 -1 1 1 1 
1 -1 -1 -1 1 1 1 
1 -1 -1 -1 1 1 1 

500892268988215
1 1 1 -1 1 1 -1 
-1 1 1 1 -1 -1 -1 
-1 1 1 1 -1 -1 -1 
-1 1 1 1 -1 -1 -1 
1 -1 -1 -1 1 1 1 
1 -1 -1 -1 1 1 1 
1 -1 -1 -1 1 1 1 

500892268988217
1 -1 -1 1 1 1 -1 
-1 1 1 1 -1 -1 -1 
-1 1 1 1 -1 -1 -1 
-1 1 1 1 -1 -1 -1 
1 -1 -1 -1 1 1 1 
1 -1 -1 -1 1 1 1 
1 -1 -1 -1 1 1 1 

500892268988219
1 1 -1 1 1 1 -1 
-1 1 1 1 -1 -1 -1 
-1 1 1 1 -1 -1 -1 
-1 1 1 1 -1 -1 -1 
1 -1 -1 -1 1 1 1 
1 -1 -1 -1 1 1 1 
1 -1 -1 -1 1 1 1 

500892268988221
1 -1 1 1 1 1 -1 
-1 1 1 1 -1 -1 -1 
-1 1 1 1 -1 -1 -1 
-1 1 1 1 -1 -1 -1 
1 -1 -1 -1 1 1 1 
1 -1 -1 -1 1 1 1 
1 -1 -1 -1 1 1 1 

500892268988223
1 1 1 1 1 1 -1 
-1 1 1 1 -1 -1 -1 
-1 1 1 1 -1 -1 -1 
-1 1 1 1 -1 -1 -1 
1 -1 -1 -1 1 1 1 
1 -1 -1 -1 1 1 1 
1 -1 -1 -1 1 1 1 

500892268988225
1 -1 -1 -1 -1 -1 1 
-1 1 1 1 -1 -1 -1 
-1 1 1 1 -1 -1 -1 
-1 1 1 1 -1 -1 -1 
1 -1 -1 -1 1 1 1 
1 -1 -1 -1 1 1 1 
1 -1 -1 -1 1 1 1 

500892268988227
1 1 -1 -1 -1 -1 1 
-1 1 1 1 -1 -1 -1 
-1 1 1 1 -1 -1 -1 
-1 1 1 1 -1 -1 -1 
1 -1 -1 -1 1 1 1 
1 -1 -1 -1 1 1 1 
1 -1 -1 -1 1 1 1 

500892268988229
1 -1 1 -1 -1 -1 1 
-1 1 1 1 -1 -1 -1 
-1 1 1 1 -1 -1 -1 
-1 1 1 1 -1 -1 -1 
1 -1 -1 -1 1 1 1 
1 -1 -1 -1 1 1 1 
1 -1 -1 -1 1 1 1 

500892268988231
1 1 1 -1 -1 -1 1 
-1 1 1 1 -1 -1 -1 
-1 1 1 1 -1 -1 -1 
-1 1 1 1 -1 -1 -1 
1 -1 -1 -1 1 1 1 
1 -1 -1 -1 1 1 1 
1 -1 -1 -1 1 1 1 

500892268988233
1 -1 -1 1 -1 -1 1 
-1 1 1 1 -1 -1 -1 
-1 1 1 1 -1 -1 -1 
-1 1 1 1 -1 -1 -1 
1 -1 -1 -1 1 1 1 
1 -1 -1 -1 1 1 1 
1 -1 -1 -1 1 1 1 

500892268988235
1 1 -1 1 -1 -1 1 
-1 1 1 1 -1 -1 -1 
-1 1 1 1 -1 -1 -1 
-1 1 1 1 -1 -1 -1 
1 -1 -1 -1 1 1 1 
1 -1 -1 -1 1 1 1 
1 -1 -1 -1 1 1 1 

500892268988237
1 -1 1 1 -1 -1 1 
-1 1 1 1 -1 -1 -1 
-1 1 1 1 -1 -1 -1 
-1 1 1 1 -1 -1 -1 
1 -1 -1 -1 1 1 1 
1 -1 -1 -1 1 1 1 
1 -1 -1 -1 1 1 1 

500892268988239
1 1 1 1 -1 -1 1 
-1 1 1 1 -1 -1 -1 
-1 1 1 1 -1 -1 -1 
-1 1 1 1 -1 -1 -1 
1 -1 -1 -1 1 1 1 
1 -1 -1 -1 1 1 1 
1 -1 -1 -1 1 1 1 

500892268988241
1 -1 -1 -1 1 -1 1 
-1 1 1 1 -1 -1 -1 
-1 1 1 1 -1 -1 -1 
-1 1 1 1 -1 -1 -1 
1 -1 -1 -1 1 1 1 
1 -1 -1 -1 1 1 1 
1 -1 -1 -1 1 1 1 

500892268988243
1 1 -1 -1 1 -1 1 
-1 1 1 1 -1 -1 -1 
-1 1 1 1 -1 -1 -1 
-1 1 1 1 -1 -1 -1 
1 -1 -1 -1 1 1 1 
1 -1 -1 -1 1 1 1 
1 -1 -1 -1 1 1 1 

500892268988245
1 -1 1 -1 1 -1 1 
-1 1 1 1 -1 -1 -1 
-1 1 1 1 -1 -1 -1 
-1 1 1 1 -1 -1 -1 
1 -1 -1 -1 1 1 1 
1 -1 -1 -1 1 1 1 
1 -1 -1 -1 1 1 1 

500892268988247
1 1 1 -1 1 -1 1 
-1 1 1 1 -1 -1 -1 
-1 1 1 1 -1 -1 -1 
-1 1 1 1 -1 -1 -1 
1 -1 -1 -1 1 1 1 
1 -1 -1 -1 1 1 1 
1 -1 -1 -1 1 1 1 

500892268988249
1 -1 -1 1 1 -1 1 
-1 1 1 1 -1 -1 -1 
-1 1 1 1 -1 -1 -1 
-1 1 1 1 -1 -1 -1 
1 -1 -1 -1 1 1 1 
1 -1 -1 -1 1 1 1 
1 -1 -1 -1 1 1 1 

500892268988251
1 1 -1 1 1 -1 1 
-1 1 1 1 -1 -1 -1 
-1 1 1 1 -1 -1 -1 
-1 1 1 1 -1 -1 -1 
1 -1 -1 -1 1 1 1 
1 -1 -1 -1 1 1 1 
1 -1 -1 -1 1 1 1 

500892268988253
1 -1 1 1 1 -1 1 
-1 1 1 1 -1 -1 -1 
-1 1 1 1 -1 -1 -1 
-1 1 1 1 -1 -1 -1 
1 -1 -1 -1 1 1 1 
1 -1 -1 -1 1 1 1 
1 -1 -1 -1 1 1 1 

500892268988255
1 1 1 1 1 -1 1 
-1 1 1 1 -1 -1 -1 
-1 1 1 1 -1 -1 -1 
-1 1 1 1 -1 -1 -1 
1 -1 -1 -1 1 1 1 
1 -1 -1 -1 1 1 1 
1 -1 -1 -1 1 1 1 

500892268988257
1 -1 -1 -1 -1 1 1 
-1 1 1 1 -1 -1 -1 
-1 1 1 1 -1 -1 -1 
-1 1 1 1 -1 -1 -1 
1 -1 -1 -1 1 1 1 
1 -1 -1 -1 1 1 1 
1 -1 -1 -1 1 1 1 

500892268988259
1 1 -1 -1 -1 1 1 
-1 1 1 1 -1 -1 -1 
-1 1 1 1 -1 -1 -1 
-1 1 1 1 -1 -1 -1 
1 -1 -1 -1 1 1 1 
1 -1 -1 -1 1 1 1 
1 -1 -1 -1 1 1 1 

500892268988261
1 -1 1 -1 -1 1 1 
-1 1 1 1 -1 -1 -1 
-1 1 1 1 -1 -1 -1 
-1 1 1 1 -1 -1 -1 
1 -1 -1 -1 1 1 1 
1 -1 -1 -1 1 1 1 
1 -1 -1 -1 1 1 1 

500892268988263
1 1 1 -1 -1 1 1 
-1 1 1 1 -1 -1 -1 
-1 1 1 1 -1 -1 -1 
-1 1 1 1 -1 -1 -1 
1 -1 -1 -1 1 1 1 
1 -1 -1 -1 1 1 1 
1 -1 -1 -1 1 1 1 

500892268988265
1 -1 -1 1 -1 1 1 
-1 1 1 1 -1 -1 -1 
-1 1 1 1 -1 -1 -1 
-1 1 1 1 -1 -1 -1 
1 -1 -1 -1 1 1 1 
1 -1 -1 -1 1 1 1 
1 -1 -1 -1 1 1 1 

500892268988267
1 1 -1 1 -1 1 1 
-1 1 1 1 -1 -1 -1 
-1 1 1 1 -1 -1 -1 
-1 1 1 1 -1 -1 -1 
1 -1 -1 -1 1 1 1 
1 -1 -1 -1 1 1 1 
1 -1 -1 -1 1 1 1 

500892268988269
1 -1 1 1 -1 1 1 
-1 1 1 1 -1 -1 -1 
-1 1 1 1 -1 -1 -1 
-1 1 1 1 -1 -1 -1 
1 -1 -1 -1 1 1 1 
1 -1 -1 -1 1 1 1 
1 -1 -1 -1 1 1 1 

500892268988271
1 1 1 1 -1 1 1 
-1 1 1 1 -1 -1 -1 
-1 1 1 1 -1 -1 -1 
-1 1 1 1 -1 -1 -1 
1 -1 -1 -1 1 1 1 
1 -1 -1 -1 1 1 1 
1 -1 -1 -1 1 1 1 

500892268988273
1 -1 -1 -1 1 1 1 
-1 1 1 1 -1 -1 -1 
-1 1 1 1 -1 -1 -1 
-1 1 1 1 -1 -1 -1 
1 -1 -1 -1 1 1 1 
1 -1 -1 -1 1 1 1 
1 -1 -1 -1 1 1 1 

500892268988275
1 1 -1 -1 1 1 1 
-1 1 1 1 -1 -1 -1 
-1 1 1 1 -1 -1 -1 
-1 1 1 1 -1 -1 -1 
1 -1 -1 -1 1 1 1 
1 -1 -1 -1 1 1 1 
1 -1 -1 -1 1 1 1 

500892268988277
1 -1 1 -1 1 1 1 
-1 1 1 1 -1 -1 -1 
-1 1 1 1 -1 -1 -1 
-1 1 1 1 -1 -1 -1 
1 -1 -1 -1 1 1 1 
1 -1 -1 -1 1 1 1 
1 -1 -1 -1 1 1 1 

500892268988279
1 1 1 -1 1 1 1 
-1 1 1 1 -1 -1 -1 
-1 1 1 1 -1 -1 -1 
-1 1 1 1 -1 -1 -1 
1 -1 -1 -1 1 1 1 
1 -1 -1 -1 1 1 1 
1 -1 -1 -1 1 1 1 

500892268988281
1 -1 -1 1 1 1 1 
-1 1 1 1 -1 -1 -1 
-1 1 1 1 -1 -1 -1 
-1 1 1 1 -1 -1 -1 
1 -1 -1 -1 1 1 1 
1 -1 -1 -1 1 1 1 
1 -1 -1 -1 1 1 1 

500892268988283
1 1 -1 1 1 1 1 
-1 1 1 1 -1 -1 -1 
-1 1 1 1 -1 -1 -1 
-1 1 1 1 -1 -1 -1 
1 -1 -1 -1 1 1 1 
1 -1 -1 -1 1 1 1 
1 -1 -1 -1 1 1 1 

500892268988285
1 -1 1 1 1 1 1 
-1 1 1 1 -1 -1 -1 
-1 1 1 1 -1 -1 -1 
-1 1 1 1 -1 -1 -1 
1 -1 -1 -1 1 1 1 
1 -1 -1 -1 1 1 1 
1 -1 -1 -1 1 1 1 

500892268988287
1 1 1 1 1 1 1 
-1 1 1 1 -1 -1 -1 
-1 1 1 1 -1 -1 -1 
-1 1 1 1 -1 -1 -1 
1 -1 -1 -1 1 1 1 
1 -1 -1 -1 1 1 1 
1 -1 -1 -1 1 1 1 

