6.433880000000005150e-01
2.095909999999999163e-01
8.057299999999986695e-02
3.354900000000004406e-02
1.521099999999998842e-02
7.391999999999997531e-03
3.815999999999998647e-03
2.068999999999998358e-03
1.213000000000000319e-03
7.420000000000001464e-04
4.730000000000005467e-04
3.150000000000001215e-04
2.370000000000000687e-04
1.709999999999999281e-04
1.299999999999999344e-04
1.049999999999999366e-04
8.800000000000001126e-05
7.900000000000000934e-05
6.900000000000001022e-05
5.900000000000000432e-05
5.599999999999999916e-05
4.999999999999998207e-05
4.699999999999998369e-05
4.399999999999999208e-05
4.099999999999999370e-05
3.799999999999998854e-05
3.199999999999999178e-05
3.199999999999999178e-05
3.199999999999999178e-05
2.900000000000000356e-05
2.900000000000000356e-05
2.599999999999999840e-05
2.499999999999999781e-05
2.300000000000000002e-05
2.200000000000000282e-05
2.099999999999999884e-05
1.800000000000000384e-05
1.800000000000000384e-05
1.700000000000000325e-05
1.600000000000000266e-05
1.500000000000000207e-05
1.400000000000000148e-05
1.400000000000000148e-05
1.200000000000000030e-05
1.200000000000000030e-05
1.100000000000000141e-05
1.000000000000000082e-05
7.000000000000000742e-06
5.000000000000000409e-06
3.000000000000000076e-06
3.000000000000000076e-06
1.999999999999999909e-06
9.999999999999999547e-07
9.999999999999999547e-07
9.999999999999999547e-07
9.999999999999999547e-07
9.999999999999999547e-07
9.999999999999999547e-07
0.000000000000000000e+00
0.000000000000000000e+00
0.000000000000000000e+00
0.000000000000000000e+00
0.000000000000000000e+00
0.000000000000000000e+00
0.000000000000000000e+00
0.000000000000000000e+00
0.000000000000000000e+00
0.000000000000000000e+00
0.000000000000000000e+00
0.000000000000000000e+00
0.000000000000000000e+00
0.000000000000000000e+00
0.000000000000000000e+00
0.000000000000000000e+00
0.000000000000000000e+00
0.000000000000000000e+00
0.000000000000000000e+00
0.000000000000000000e+00
0.000000000000000000e+00
0.000000000000000000e+00
0.000000000000000000e+00
0.000000000000000000e+00
0.000000000000000000e+00
0.000000000000000000e+00
0.000000000000000000e+00
0.000000000000000000e+00
0.000000000000000000e+00
0.000000000000000000e+00
0.000000000000000000e+00
0.000000000000000000e+00
0.000000000000000000e+00
0.000000000000000000e+00
0.000000000000000000e+00
0.000000000000000000e+00
0.000000000000000000e+00
0.000000000000000000e+00
0.000000000000000000e+00
0.000000000000000000e+00
0.000000000000000000e+00
0.000000000000000000e+00
