0.000000000000000000e+00 0.000000000000000000e+00 0.000000000000000000e+00 0.000000000000000000e+00 0.000000000000000000e+00 0.000000000000000000e+00 0.000000000000000000e+00 0.000000000000000000e+00 0.000000000000000000e+00 0.000000000000000000e+00 0.000000000000000000e+00 0.000000000000000000e+00 0.000000000000000000e+00 0.000000000000000000e+00 0.000000000000000000e+00 0.000000000000000000e+00 0.000000000000000000e+00 0.000000000000000000e+00 0.000000000000000000e+00 0.000000000000000000e+00 0.000000000000000000e+00
0.000000000000000000e+00 0.000000000000000000e+00 0.000000000000000000e+00 0.000000000000000000e+00 0.000000000000000000e+00 0.000000000000000000e+00 0.000000000000000000e+00 0.000000000000000000e+00 0.000000000000000000e+00 0.000000000000000000e+00 0.000000000000000000e+00 0.000000000000000000e+00 0.000000000000000000e+00 0.000000000000000000e+00 0.000000000000000000e+00 0.000000000000000000e+00 0.000000000000000000e+00 0.000000000000000000e+00 0.000000000000000000e+00 0.000000000000000000e+00 0.000000000000000000e+00
0.000000000000000000e+00 2.703349999999999920e-01 1.980949999999999933e-01 1.581160000000000065e-01 1.322490000000000054e-01 1.139830000000000010e-01 1.003320000000000045e-01 8.971239999999999770e-02 8.119850000000000678e-02 7.421089999999999631e-02 6.836680000000000534e-02 6.340279999999999527e-02 5.913129999999999775e-02 5.541490000000000304e-02 5.215070000000000122e-02 4.925969999999999654e-02 4.668069999999999858e-02 4.436509999999999759e-02 4.227410000000000195e-02 4.037609999999999810e-02 3.864519999999999761e-02
0.000000000000000000e+00 1.592240000000000044e-01 1.228920000000000012e-01 1.023489999999999955e-01 8.858749999999999958e-02 7.851139999999999508e-02 7.072359999999999758e-02 6.447980000000000378e-02 5.933900000000000285e-02 5.501930000000000015e-02 5.133030000000000231e-02 4.813810000000000311e-02 4.534500000000000336e-02 4.287810000000000232e-02 4.068159999999999832e-02 3.871200000000000335e-02 3.693479999999999680e-02 3.532249999999999973e-02 3.385239999999999777e-02 3.250600000000000017e-02 3.126799999999999718e-02
0.000000000000000000e+00 1.004550000000000026e-01 7.914530000000000176e-02 6.783119999999999428e-02 6.023860000000000325e-02 5.459909999999999763e-02 5.015259999999999857e-02 4.651009999999999867e-02 4.344630000000000020e-02 4.081900000000000112e-02 3.853249999999999731e-02 3.651889999999999997e-02 3.472839999999999955e-02 3.312350000000000017e-02 3.167480000000000295e-02 3.035929999999999879e-02 2.915850000000000039e-02 2.805710000000000148e-02 2.704279999999999878e-02 2.610519999999999854e-02 2.523550000000000099e-02
0.000000000000000000e+00 6.716590000000000060e-02 5.261210000000000192e-02 4.596490000000000298e-02 4.160300000000000109e-02 3.838330000000000214e-02 3.583259999999999917e-02 3.371960000000000235e-02 3.191630000000000161e-02 3.034529999999999866e-02 2.895570000000000088e-02 2.771250000000000102e-02 2.659020000000000133e-02 2.556960000000000136e-02 2.463579999999999937e-02 2.377699999999999952e-02 2.298369999999999927e-02 2.224790000000000101e-02 2.156320000000000112e-02 2.092389999999999875e-02 2.032549999999999982e-02
0.000000000000000000e+00 4.709329999999999766e-02 3.592270000000000185e-02 3.178620000000000057e-02 2.917259999999999992e-02 2.729029999999999997e-02 2.581610000000000155e-02 2.459619999999999862e-02 2.354940000000000158e-02 2.262820000000000109e-02 2.180349999999999996e-02 2.105560000000000070e-02 2.037109999999999962e-02 1.974000000000000060e-02 1.915479999999999960e-02 1.860960000000000045e-02 1.809979999999999922e-02 1.762139999999999887e-02 1.717120000000000105e-02 1.674660000000000037e-02 1.634510000000000129e-02
0.000000000000000000e+00 3.434020000000000128e-02 2.509209999999999913e-02 2.238700000000000065e-02 2.075389999999999874e-02 1.962339999999999918e-02 1.876289999999999902e-02 1.806249999999999870e-02 1.746510000000000076e-02 1.693870000000000098e-02 1.646419999999999828e-02 1.602960000000000149e-02 1.562699999999999853e-02 1.525110000000000007e-02 1.489790000000000038e-02 1.456449999999999932e-02 1.424860000000000015e-02 1.394850000000000083e-02 1.366269999999999984e-02 1.338989999999999972e-02 1.312920000000000059e-02
0.000000000000000000e+00 2.587499999999999870e-02 1.787259999999999890e-02 1.602809999999999999e-02 1.496540000000000023e-02 1.426619999999999971e-02 1.375780000000000058e-02 1.335850000000000058e-02 1.302560000000000003e-02 1.273559999999999970e-02 1.247479999999999943e-02 1.223489999999999994e-02 1.201069999999999915e-02 1.179889999999999932e-02 1.159720000000000022e-02 1.140410000000000035e-02 1.121849999999999931e-02 1.103969999999999951e-02 1.086699999999999992e-02 1.069999999999999944e-02 1.053830000000000044e-02
0.000000000000000000e+00 2.004360000000000169e-02 1.294780000000000063e-02 1.164560000000000074e-02 1.092740000000000031e-02 1.048100000000000073e-02 1.017629999999999924e-02 9.950799999999999229e-03 9.771870000000000209e-03 9.621279999999999416e-03 9.488470000000000584e-03 9.367099999999999732e-03 9.253330000000000582e-03 9.144769999999999982e-03 9.039919999999999900e-03 8.937860000000000596e-03 8.838010000000000310e-03 8.740019999999999387e-03 8.643680000000000807e-03 8.548870000000000080e-03 8.455509999999999415e-03
0.000000000000000000e+00 1.589660000000000031e-02 9.520179999999999615e-03 8.574260000000000215e-03 8.071850000000000205e-03 7.777270000000000190e-03 7.591289999999999670e-03 7.465789999999999926e-03 7.375220000000000040e-03 7.305139999999999897e-03 7.247110000000000184e-03 7.196029999999999961e-03 7.148769999999999604e-03 7.103429999999999987e-03 7.058840000000000253e-03 7.014310000000000163e-03 6.969440000000000357e-03 6.924030000000000289e-03 6.878010000000000373e-03 6.831369999999999804e-03 6.784140000000000136e-03
0.000000000000000000e+00 1.286469999999999975e-02 7.092199999999999893e-03 6.388849999999999738e-03 6.026530000000000428e-03 5.825480000000000068e-03 5.709449999999999595e-03 5.641049999999999884e-03 5.600149999999999920e-03 5.575240000000000404e-03 5.559419999999999813e-03 5.548489999999999672e-03 5.539810000000000047e-03 5.531760000000000149e-03 5.523319999999999966e-03 5.513879999999999650e-03 5.503110000000000293e-03 5.490820000000000423e-03 5.476960000000000335e-03 5.461539999999999971e-03 5.444609999999999901e-03
0.000000000000000000e+00 1.059380000000000044e-02 5.345380000000000270e-03 4.812310000000000199e-03 4.544030000000000118e-03 4.402220000000000091e-03 4.327840000000000333e-03 4.291709999999999796e-03 4.277910000000000219e-03 4.277200000000000099e-03 4.283959999999999851e-03 4.294670000000000432e-03 4.307100000000000338e-03 4.319820000000000257e-03 4.331920000000000388e-03 4.342819999999999840e-03 4.352189999999999705e-03 4.359830000000000302e-03 4.365670000000000314e-03 4.369689999999999859e-03 4.371919999999999626e-03
0.000000000000000000e+00 8.856140000000000193e-03 4.071140000000000002e-03 3.660689999999999864e-03 3.457550000000000207e-03 3.354359999999999807e-03 3.305129999999999874e-03 3.286939999999999914e-03 3.287190000000000164e-03 3.298460000000000020e-03 3.316180000000000169e-03 3.337399999999999915e-03 3.360240000000000015e-03 3.383440000000000145e-03 3.406160000000000090e-03 3.427879999999999903e-03 3.448239999999999986e-03 3.467050000000000166e-03 3.484189999999999857e-03 3.499609999999999787e-03 3.513300000000000017e-03
0.000000000000000000e+00 7.501220000000000283e-03 3.130040000000000166e-03 2.809840000000000081e-03 2.653110000000000190e-03 2.575860000000000129e-03 2.542040000000000185e-03 2.533590000000000061e-03 2.540489999999999849e-03 2.556800000000000132e-03 2.578770000000000194e-03 2.603999999999999978e-03 2.630860000000000056e-03 2.658279999999999844e-03 2.685509999999999894e-03 2.712050000000000138e-03 2.737559999999999993e-03 2.761840000000000215e-03 2.784730000000000018e-03 2.806170000000000192e-03 2.826120000000000108e-03
0.000000000000000000e+00 6.426770000000000052e-03 2.427180000000000136e-03 2.174629999999999879e-03 2.051780000000000010e-03 1.992499999999999914e-03 1.968319999999999965e-03 1.964950000000000030e-03 1.974409999999999794e-03 1.991929999999999829e-03 2.014460000000000035e-03 2.040020000000000028e-03 2.067260000000000018e-03 2.095249999999999890e-03 2.123330000000000096e-03 2.151049999999999837e-03 2.178090000000000147e-03 2.204230000000000165e-03 2.229319999999999913e-03 2.253269999999999926e-03 2.276010000000000186e-03
0.000000000000000000e+00 5.561860000000000068e-03 1.896909999999999916e-03 1.695840000000000108e-03 1.598299999999999981e-03 1.551829999999999920e-03 1.533829999999999916e-03 1.532939999999999997e-03 1.542790000000000047e-03 1.559529999999999944e-03 1.580709999999999928e-03 1.604680000000000039e-03 1.630340000000000088e-03 1.656879999999999898e-03 1.683749999999999917e-03 1.710539999999999977e-03 1.736949999999999909e-03 1.762770000000000092e-03 1.787860000000000057e-03 1.812110000000000023e-03 1.835440000000000032e-03
0.000000000000000000e+00 4.856189999999999812e-03 1.493149999999999946e-03 1.331780000000000073e-03 1.253479999999999959e-03 1.216400000000000077e-03 1.202490000000000069e-03 1.202670000000000084e-03 1.211829999999999895e-03 1.226880000000000071e-03 1.245819999999999914e-03 1.267330000000000106e-03 1.290469999999999942e-03 1.314569999999999931e-03 1.339169999999999987e-03 1.363889999999999981e-03 1.388480000000000096e-03 1.412749999999999943e-03 1.436549999999999980e-03 1.459769999999999991e-03 1.482339999999999960e-03
0.000000000000000000e+00 4.273439999999999878e-03 1.183110000000000021e-03 1.052690000000000006e-03 9.892699999999999931e-04 9.592430000000000314e-04 9.481339999999999994e-04 9.486390000000000360e-04 9.566569999999999718e-04 9.696900000000000484e-04 9.861259999999999297e-04 1.004869999999999939e-03 1.025169999999999944e-03 1.046449999999999984e-03 1.068329999999999931e-03 1.090480000000000008e-03 1.112689999999999946e-03 1.134770000000000006e-03 1.156590000000000092e-03 1.178049999999999931e-03 1.199069999999999997e-03
0.000000000000000000e+00 3.786959999999999806e-03 9.431790000000000443e-04 8.371299999999999488e-04 7.853619999999999525e-04 7.607599999999999736e-04 7.516429999999999726e-04 7.521189999999999863e-04 7.588739999999999852e-04 7.698889999999999467e-04 7.838549999999999685e-04 7.998830000000000393e-04 8.173450000000000290e-04 8.357829999999999903e-04 8.548559999999999753e-04 8.743060000000000415e-04 8.939329999999999672e-04 9.135830000000000383e-04 9.331339999999999600e-04 9.524930000000000029e-04 9.715839999999999459e-04
0.000000000000000000e+00 3.376829999999999936e-03 7.561739999999999738e-04 6.694659999999999630e-04 6.269339999999999982e-04 6.065839999999999644e-04 5.989440000000000172e-04 5.992379999999999842e-04 6.047799999999999660e-04 6.139309999999999603e-04 6.256290000000000505e-04 6.391479999999999731e-04 6.539719999999999518e-04 6.697260000000000452e-04 6.861249999999999944e-04 7.029510000000000532e-04 7.200359999999999617e-04 7.372449999999999793e-04 7.544710000000000479e-04 7.716300000000000372e-04 7.886530000000000536e-04
