9.999999999999987788e-01
7.857142857142845882e-01
6.142857142857134356e-01
5.857142857142848547e-01
5.499999999999992673e-01
4.857142857142850434e-01
4.499999999999994005e-01
4.071428571428567511e-01
3.714285714285711637e-01
3.428571428571426383e-01
3.214285714285712303e-01
3.142857142857141128e-01
2.999999999999998779e-01
2.928571428571427604e-01
2.857142857142856429e-01
2.714285714285714080e-01
2.571428571428571730e-01
2.428571428571429103e-01
2.285714285714286198e-01
2.285714285714286198e-01
2.285714285714286198e-01
2.214285714285714746e-01
2.214285714285714746e-01
2.214285714285714746e-01
2.142857142857143293e-01
2.142857142857143293e-01
2.071428571428571841e-01
2.071428571428571841e-01
2.071428571428571841e-01
2.071428571428571841e-01
2.071428571428571841e-01
2.071428571428571841e-01
2.000000000000000389e-01
1.928571428571428936e-01
1.928571428571428936e-01
1.928571428571428936e-01
1.928571428571428936e-01
1.928571428571428936e-01
1.928571428571428936e-01
1.928571428571428936e-01
1.857142857142857484e-01
1.857142857142857484e-01
1.785714285714286031e-01
1.785714285714286031e-01
1.785714285714286031e-01
1.714285714285714579e-01
1.714285714285714579e-01
1.714285714285714579e-01
1.714285714285714579e-01
1.714285714285714579e-01
1.714285714285714579e-01
1.714285714285714579e-01
1.642857142857143127e-01
1.642857142857143127e-01
1.642857142857143127e-01
1.642857142857143127e-01
1.642857142857143127e-01
1.571428571428571674e-01
1.571428571428571674e-01
1.571428571428571674e-01
1.571428571428571674e-01
1.571428571428571674e-01
1.571428571428571674e-01
1.571428571428571674e-01
1.571428571428571674e-01
1.571428571428571674e-01
1.500000000000000222e-01
1.500000000000000222e-01
1.500000000000000222e-01
1.500000000000000222e-01
1.500000000000000222e-01
1.500000000000000222e-01
1.500000000000000222e-01
1.500000000000000222e-01
1.500000000000000222e-01
1.500000000000000222e-01
1.500000000000000222e-01
1.500000000000000222e-01
1.500000000000000222e-01
1.500000000000000222e-01
1.500000000000000222e-01
1.500000000000000222e-01
1.500000000000000222e-01
1.500000000000000222e-01
1.500000000000000222e-01
1.428571428571428770e-01
1.428571428571428770e-01
1.428571428571428770e-01
1.428571428571428770e-01
1.357142857142857317e-01
1.285714285714285865e-01
1.285714285714285865e-01
1.285714285714285865e-01
1.285714285714285865e-01
1.285714285714285865e-01
1.285714285714285865e-01
1.285714285714285865e-01
1.285714285714285865e-01
1.285714285714285865e-01
1.285714285714285865e-01
1.285714285714285865e-01
1.285714285714285865e-01
1.285714285714285865e-01
1.285714285714285865e-01
1.285714285714285865e-01
1.285714285714285865e-01
1.285714285714285865e-01
1.214285714285714413e-01
1.214285714285714413e-01
1.214285714285714413e-01
1.142857142857142960e-01
1.142857142857142960e-01
1.142857142857142960e-01
1.142857142857142960e-01
1.142857142857142960e-01
1.142857142857142960e-01
1.142857142857142960e-01
1.142857142857142960e-01
1.142857142857142960e-01
1.142857142857142960e-01
1.071428571428571647e-01
1.071428571428571647e-01
1.071428571428571647e-01
9.285714285714287419e-02
9.285714285714287419e-02
8.571428571428572896e-02
8.571428571428572896e-02
8.571428571428572896e-02
8.571428571428572896e-02
8.571428571428572896e-02
8.571428571428572896e-02
8.571428571428572896e-02
8.571428571428572896e-02
8.571428571428572896e-02
8.571428571428572896e-02
8.571428571428572896e-02
8.571428571428572896e-02
7.857142857142858372e-02
7.857142857142858372e-02
7.857142857142858372e-02
7.857142857142858372e-02
6.428571428571429325e-02
6.428571428571429325e-02
6.428571428571429325e-02
6.428571428571429325e-02
6.428571428571429325e-02
6.428571428571429325e-02
6.428571428571429325e-02
5.714285714285714801e-02
5.714285714285714801e-02
5.714285714285714801e-02
5.714285714285714801e-02
5.714285714285714801e-02
5.714285714285714801e-02
5.000000000000000278e-02
5.000000000000000278e-02
4.285714285714285754e-02
4.285714285714285754e-02
4.285714285714285754e-02
3.571428571428571230e-02
3.571428571428571230e-02
3.571428571428571230e-02
3.571428571428571230e-02
3.571428571428571230e-02
2.857142857142857054e-02
2.857142857142857054e-02
2.857142857142857054e-02
2.857142857142857054e-02
2.857142857142857054e-02
2.142857142857142877e-02
2.142857142857142877e-02
2.142857142857142877e-02
2.142857142857142877e-02
2.142857142857142877e-02
2.142857142857142877e-02
1.428571428571428527e-02
1.428571428571428527e-02
1.428571428571428527e-02
1.428571428571428527e-02
1.428571428571428527e-02
1.428571428571428527e-02
1.428571428571428527e-02
1.428571428571428527e-02
7.142857142857142634e-03
7.142857142857142634e-03
7.142857142857142634e-03
