9.999999999999998890e-01
7.830188679245282390e-01
7.264150943396225912e-01
5.849056603773584717e-01
5.094339622641509413e-01
4.622641509433961793e-01
4.150943396226414728e-01
3.962264150943395902e-01
3.584905660377358250e-01
3.301886792452830011e-01
3.113207547169811185e-01
2.924528301886792359e-01
2.830188679245282946e-01
2.830188679245282946e-01
2.830188679245282946e-01
2.830188679245282946e-01
2.830188679245282946e-01
2.641509433962264120e-01
2.641509433962264120e-01
2.641509433962264120e-01
2.547169811320754707e-01
2.547169811320754707e-01
2.547169811320754707e-01
2.547169811320754707e-01
2.547169811320754707e-01
2.547169811320754707e-01
2.547169811320754707e-01
2.547169811320754707e-01
2.547169811320754707e-01
2.547169811320754707e-01
2.547169811320754707e-01
2.547169811320754707e-01
2.547169811320754707e-01
2.547169811320754707e-01
2.547169811320754707e-01
2.452830188679245016e-01
2.452830188679245016e-01
2.452830188679245016e-01
2.452830188679245016e-01
2.452830188679245016e-01
2.452830188679245016e-01
2.452830188679245016e-01
2.452830188679245016e-01
2.452830188679245016e-01
2.452830188679245016e-01
2.452830188679245016e-01
2.358490566037735603e-01
2.358490566037735603e-01
2.264150943396226190e-01
2.264150943396226190e-01
2.264150943396226190e-01
2.264150943396226190e-01
2.169811320754716777e-01
2.169811320754716777e-01
2.169811320754716777e-01
2.169811320754716777e-01
2.075471698113207364e-01
1.981132075471697951e-01
1.981132075471697951e-01
1.981132075471697951e-01
1.981132075471697951e-01
1.981132075471697951e-01
1.886792452830188538e-01
1.886792452830188538e-01
1.886792452830188538e-01
1.886792452830188538e-01
1.886792452830188538e-01
1.886792452830188538e-01
1.886792452830188538e-01
1.886792452830188538e-01
1.886792452830188538e-01
1.886792452830188538e-01
1.886792452830188538e-01
1.886792452830188538e-01
1.886792452830188538e-01
1.886792452830188538e-01
1.886792452830188538e-01
1.886792452830188538e-01
1.886792452830188538e-01
1.886792452830188538e-01
1.886792452830188538e-01
1.886792452830188538e-01
1.886792452830188538e-01
1.886792452830188538e-01
1.886792452830188538e-01
1.886792452830188538e-01
1.886792452830188538e-01
1.886792452830188538e-01
1.886792452830188538e-01
1.886792452830188538e-01
1.886792452830188538e-01
1.886792452830188538e-01
1.886792452830188538e-01
1.886792452830188538e-01
1.886792452830188538e-01
1.886792452830188538e-01
1.886792452830188538e-01
1.886792452830188538e-01
1.886792452830188538e-01
1.886792452830188538e-01
1.886792452830188538e-01
1.886792452830188538e-01
1.886792452830188538e-01
1.886792452830188538e-01
1.886792452830188538e-01
1.886792452830188538e-01
1.886792452830188538e-01
1.886792452830188538e-01
1.886792452830188538e-01
1.886792452830188538e-01
1.886792452830188538e-01
1.886792452830188538e-01
1.886792452830188538e-01
1.886792452830188538e-01
1.886792452830188538e-01
1.886792452830188538e-01
1.886792452830188538e-01
1.886792452830188538e-01
1.886792452830188538e-01
1.886792452830188538e-01
1.886792452830188538e-01
1.886792452830188538e-01
1.886792452830188538e-01
1.886792452830188538e-01
1.886792452830188538e-01
1.886792452830188538e-01
1.886792452830188538e-01
1.886792452830188538e-01
1.886792452830188538e-01
1.886792452830188538e-01
1.886792452830188538e-01
1.886792452830188538e-01
1.886792452830188538e-01
1.886792452830188538e-01
1.886792452830188538e-01
1.886792452830188538e-01
1.886792452830188538e-01
1.886792452830188538e-01
1.886792452830188538e-01
1.886792452830188538e-01
1.886792452830188538e-01
1.886792452830188538e-01
1.886792452830188538e-01
1.886792452830188538e-01
1.886792452830188538e-01
1.886792452830188538e-01
1.886792452830188538e-01
1.886792452830188538e-01
1.886792452830188538e-01
1.886792452830188538e-01
1.886792452830188538e-01
1.886792452830188538e-01
1.886792452830188538e-01
1.886792452830188538e-01
1.886792452830188538e-01
1.886792452830188538e-01
1.886792452830188538e-01
1.886792452830188538e-01
1.886792452830188538e-01
1.886792452830188538e-01
1.886792452830188538e-01
1.886792452830188538e-01
1.886792452830188538e-01
1.886792452830188538e-01
1.886792452830188538e-01
1.792452830188679125e-01
1.698113207547169712e-01
1.698113207547169712e-01
1.698113207547169712e-01
1.698113207547169712e-01
1.698113207547169712e-01
1.698113207547169712e-01
1.698113207547169712e-01
1.698113207547169712e-01
1.698113207547169712e-01
1.698113207547169712e-01
1.698113207547169712e-01
1.698113207547169712e-01
1.698113207547169712e-01
1.698113207547169712e-01
1.698113207547169712e-01
1.698113207547169712e-01
1.698113207547169712e-01
1.698113207547169712e-01
1.698113207547169712e-01
1.698113207547169712e-01
1.698113207547169712e-01
1.698113207547169712e-01
1.698113207547169712e-01
1.698113207547169712e-01
1.698113207547169712e-01
1.698113207547169712e-01
1.698113207547169712e-01
1.698113207547169712e-01
1.698113207547169712e-01
1.698113207547169712e-01
1.698113207547169712e-01
1.698113207547169712e-01
1.603773584905660299e-01
1.603773584905660299e-01
1.603773584905660299e-01
1.603773584905660299e-01
1.509433962264150886e-01
1.509433962264150886e-01
1.509433962264150886e-01
1.509433962264150886e-01
1.509433962264150886e-01
1.509433962264150886e-01
1.509433962264150886e-01
1.415094339622641473e-01
1.415094339622641473e-01
1.415094339622641473e-01
1.415094339622641473e-01
1.415094339622641473e-01
1.415094339622641473e-01
1.415094339622641473e-01
1.415094339622641473e-01
1.415094339622641473e-01
1.415094339622641473e-01
1.415094339622641473e-01
1.415094339622641473e-01
1.415094339622641473e-01
1.415094339622641473e-01
1.415094339622641473e-01
1.415094339622641473e-01
1.415094339622641473e-01
1.415094339622641473e-01
1.415094339622641473e-01
1.415094339622641473e-01
1.320754716981132060e-01
1.320754716981132060e-01
1.320754716981132060e-01
1.226415094339622508e-01
1.226415094339622508e-01
1.226415094339622508e-01
1.226415094339622508e-01
1.226415094339622508e-01
1.226415094339622508e-01
1.226415094339622508e-01
1.226415094339622508e-01
1.226415094339622508e-01
1.226415094339622508e-01
1.226415094339622508e-01
1.226415094339622508e-01
1.226415094339622508e-01
1.226415094339622508e-01
1.226415094339622508e-01
1.226415094339622508e-01
1.226415094339622508e-01
1.226415094339622508e-01
1.226415094339622508e-01
1.226415094339622508e-01
1.226415094339622508e-01
1.226415094339622508e-01
1.226415094339622508e-01
1.226415094339622508e-01
1.226415094339622508e-01
1.226415094339622508e-01
1.132075471698113095e-01
1.132075471698113095e-01
1.132075471698113095e-01
1.132075471698113095e-01
1.037735849056603682e-01
1.037735849056603682e-01
1.037735849056603682e-01
1.037735849056603682e-01
1.037735849056603682e-01
1.037735849056603682e-01
1.037735849056603682e-01
1.037735849056603682e-01
1.037735849056603682e-01
9.433962264150942689e-02
9.433962264150942689e-02
9.433962264150942689e-02
9.433962264150942689e-02
9.433962264150942689e-02
9.433962264150942689e-02
9.433962264150942689e-02
9.433962264150942689e-02
9.433962264150942689e-02
9.433962264150942689e-02
9.433962264150942689e-02
9.433962264150942689e-02
9.433962264150942689e-02
9.433962264150942689e-02
9.433962264150942689e-02
9.433962264150942689e-02
9.433962264150942689e-02
9.433962264150942689e-02
9.433962264150942689e-02
9.433962264150942689e-02
9.433962264150942689e-02
9.433962264150942689e-02
9.433962264150942689e-02
9.433962264150942689e-02
9.433962264150942689e-02
9.433962264150942689e-02
9.433962264150942689e-02
9.433962264150942689e-02
9.433962264150942689e-02
9.433962264150942689e-02
9.433962264150942689e-02
9.433962264150942689e-02
9.433962264150942689e-02
9.433962264150942689e-02
9.433962264150942689e-02
8.490566037735848559e-02
8.490566037735848559e-02
8.490566037735848559e-02
8.490566037735848559e-02
8.490566037735848559e-02
8.490566037735848559e-02
8.490566037735848559e-02
8.490566037735848559e-02
8.490566037735848559e-02
8.490566037735848559e-02
8.490566037735848559e-02
7.547169811320754429e-02
7.547169811320754429e-02
7.547169811320754429e-02
7.547169811320754429e-02
7.547169811320754429e-02
7.547169811320754429e-02
7.547169811320754429e-02
7.547169811320754429e-02
7.547169811320754429e-02
7.547169811320754429e-02
7.547169811320754429e-02
7.547169811320754429e-02
7.547169811320754429e-02
6.603773584905660299e-02
6.603773584905660299e-02
6.603773584905660299e-02
6.603773584905660299e-02
6.603773584905660299e-02
6.603773584905660299e-02
5.660377358490565475e-02
5.660377358490565475e-02
5.660377358490565475e-02
5.660377358490565475e-02
5.660377358490565475e-02
5.660377358490565475e-02
5.660377358490565475e-02
5.660377358490565475e-02
5.660377358490565475e-02
5.660377358490565475e-02
5.660377358490565475e-02
5.660377358490565475e-02
5.660377358490565475e-02
5.660377358490565475e-02
5.660377358490565475e-02
5.660377358490565475e-02
5.660377358490565475e-02
5.660377358490565475e-02
5.660377358490565475e-02
4.716981132075471345e-02
4.716981132075471345e-02
4.716981132075471345e-02
4.716981132075471345e-02
4.716981132075471345e-02
4.716981132075471345e-02
4.716981132075471345e-02
4.716981132075471345e-02
4.716981132075471345e-02
4.716981132075471345e-02
3.773584905660377214e-02
3.773584905660377214e-02
3.773584905660377214e-02
3.773584905660377214e-02
3.773584905660377214e-02
3.773584905660377214e-02
3.773584905660377214e-02
3.773584905660377214e-02
3.773584905660377214e-02
3.773584905660377214e-02
3.773584905660377214e-02
2.830188679245283084e-02
2.830188679245283084e-02
2.830188679245283084e-02
2.830188679245283084e-02
2.830188679245283084e-02
2.830188679245283084e-02
2.830188679245283084e-02
2.830188679245283084e-02
2.830188679245283084e-02
2.830188679245283084e-02
2.830188679245283084e-02
2.830188679245283084e-02
2.830188679245283084e-02
2.830188679245283084e-02
2.830188679245283084e-02
2.830188679245283084e-02
2.830188679245283084e-02
2.830188679245283084e-02
2.830188679245283084e-02
2.830188679245283084e-02
2.830188679245283084e-02
1.886792452830188607e-02
1.886792452830188607e-02
1.886792452830188607e-02
1.886792452830188607e-02
1.886792452830188607e-02
1.886792452830188607e-02
1.886792452830188607e-02
1.886792452830188607e-02
1.886792452830188607e-02
1.886792452830188607e-02
1.886792452830188607e-02
1.886792452830188607e-02
1.886792452830188607e-02
1.886792452830188607e-02
1.886792452830188607e-02
1.886792452830188607e-02
9.433962264150943036e-03
9.433962264150943036e-03
9.433962264150943036e-03
9.433962264150943036e-03
9.433962264150943036e-03
