1.000000000000000666e+00
1.000000000000000666e+00
9.791666666666672958e-01
9.791666666666672958e-01
9.791666666666672958e-01
9.791666666666672958e-01
9.791666666666672958e-01
9.791666666666672958e-01
9.583333333333339255e-01
9.583333333333339255e-01
9.583333333333339255e-01
9.583333333333339255e-01
9.583333333333339255e-01
9.583333333333339255e-01
9.583333333333339255e-01
9.583333333333339255e-01
9.583333333333339255e-01
9.375000000000005551e-01
9.375000000000005551e-01
9.375000000000005551e-01
9.375000000000005551e-01
9.375000000000005551e-01
9.375000000000005551e-01
9.375000000000005551e-01
9.375000000000005551e-01
9.375000000000005551e-01
9.375000000000005551e-01
9.375000000000005551e-01
9.375000000000005551e-01
9.375000000000005551e-01
9.166666666666671848e-01
9.166666666666671848e-01
9.166666666666671848e-01
9.166666666666671848e-01
9.166666666666671848e-01
9.166666666666671848e-01
8.958333333333338144e-01
8.958333333333338144e-01
8.958333333333338144e-01
8.958333333333338144e-01
8.958333333333338144e-01
8.958333333333338144e-01
8.958333333333338144e-01
8.750000000000004441e-01
8.750000000000004441e-01
8.541666666666670737e-01
8.125000000000003331e-01
7.291666666666668517e-01
7.291666666666668517e-01
7.083333333333334814e-01
6.875000000000001110e-01
6.458333333333333703e-01
6.458333333333333703e-01
6.458333333333333703e-01
6.250000000000000000e-01
6.041666666666666297e-01
5.833333333333332593e-01
5.833333333333332593e-01
5.624999999999998890e-01
5.624999999999998890e-01
5.624999999999998890e-01
5.416666666666665186e-01
5.416666666666665186e-01
5.208333333333331483e-01
4.999999999999997780e-01
4.999999999999997780e-01
4.999999999999997780e-01
4.791666666666664631e-01
4.583333333333331483e-01
4.374999999999998335e-01
4.374999999999998335e-01
4.374999999999998335e-01
4.374999999999998335e-01
4.374999999999998335e-01
4.374999999999998335e-01
4.374999999999998335e-01
4.166666666666665186e-01
4.166666666666665186e-01
4.166666666666665186e-01
3.958333333333332038e-01
3.749999999999998890e-01
3.749999999999998890e-01
3.749999999999998890e-01
3.749999999999998890e-01
3.749999999999998890e-01
3.749999999999998890e-01
3.749999999999998890e-01
3.749999999999998890e-01
3.749999999999998890e-01
3.749999999999998890e-01
3.749999999999998890e-01
3.749999999999998890e-01
3.749999999999998890e-01
3.541666666666665741e-01
3.333333333333332593e-01
3.333333333333332593e-01
3.333333333333332593e-01
3.333333333333332593e-01
3.333333333333332593e-01
3.333333333333332593e-01
3.333333333333332593e-01
3.333333333333332593e-01
3.333333333333332593e-01
3.333333333333332593e-01
3.333333333333332593e-01
3.333333333333332593e-01
3.333333333333332593e-01
3.333333333333332593e-01
3.333333333333332593e-01
3.333333333333332593e-01
3.333333333333332593e-01
3.333333333333332593e-01
3.333333333333332593e-01
3.333333333333332593e-01
3.333333333333332593e-01
3.333333333333332593e-01
3.333333333333332593e-01
3.333333333333332593e-01
3.333333333333332593e-01
3.333333333333332593e-01
3.333333333333332593e-01
3.333333333333332593e-01
3.333333333333332593e-01
3.333333333333332593e-01
3.333333333333332593e-01
3.333333333333332593e-01
3.333333333333332593e-01
3.333333333333332593e-01
3.333333333333332593e-01
3.333333333333332593e-01
3.333333333333332593e-01
3.333333333333332593e-01
3.333333333333332593e-01
3.333333333333332593e-01
3.333333333333332593e-01
3.333333333333332593e-01
3.333333333333332593e-01
3.333333333333332593e-01
3.333333333333332593e-01
3.333333333333332593e-01
3.333333333333332593e-01
3.333333333333332593e-01
3.333333333333332593e-01
3.333333333333332593e-01
3.333333333333332593e-01
3.333333333333332593e-01
3.124999999999999445e-01
3.124999999999999445e-01
3.124999999999999445e-01
3.124999999999999445e-01
3.124999999999999445e-01
3.124999999999999445e-01
3.124999999999999445e-01
2.916666666666666297e-01
2.916666666666666297e-01
2.916666666666666297e-01
2.916666666666666297e-01
2.916666666666666297e-01
2.916666666666666297e-01
2.916666666666666297e-01
2.916666666666666297e-01
2.916666666666666297e-01
2.916666666666666297e-01
2.916666666666666297e-01
2.916666666666666297e-01
2.916666666666666297e-01
2.916666666666666297e-01
2.916666666666666297e-01
2.916666666666666297e-01
2.916666666666666297e-01
2.916666666666666297e-01
2.916666666666666297e-01
2.916666666666666297e-01
2.916666666666666297e-01
2.916666666666666297e-01
2.916666666666666297e-01
2.916666666666666297e-01
2.916666666666666297e-01
2.916666666666666297e-01
2.916666666666666297e-01
2.708333333333333148e-01
2.708333333333333148e-01
2.708333333333333148e-01
2.708333333333333148e-01
2.708333333333333148e-01
2.708333333333333148e-01
2.708333333333333148e-01
2.708333333333333148e-01
2.708333333333333148e-01
2.708333333333333148e-01
2.500000000000000000e-01
2.500000000000000000e-01
2.500000000000000000e-01
2.291666666666666852e-01
2.083333333333333426e-01
2.083333333333333426e-01
2.083333333333333426e-01
2.083333333333333426e-01
1.875000000000000000e-01
1.875000000000000000e-01
1.666666666666666574e-01
1.666666666666666574e-01
1.666666666666666574e-01
1.666666666666666574e-01
1.666666666666666574e-01
1.666666666666666574e-01
1.666666666666666574e-01
1.666666666666666574e-01
1.666666666666666574e-01
1.666666666666666574e-01
1.666666666666666574e-01
1.666666666666666574e-01
1.666666666666666574e-01
1.666666666666666574e-01
1.666666666666666574e-01
1.666666666666666574e-01
1.666666666666666574e-01
1.666666666666666574e-01
1.666666666666666574e-01
1.666666666666666574e-01
1.666666666666666574e-01
1.666666666666666574e-01
1.458333333333333148e-01
1.458333333333333148e-01
1.458333333333333148e-01
1.458333333333333148e-01
1.458333333333333148e-01
1.458333333333333148e-01
1.458333333333333148e-01
1.458333333333333148e-01
1.458333333333333148e-01
1.458333333333333148e-01
1.458333333333333148e-01
1.458333333333333148e-01
1.458333333333333148e-01
1.458333333333333148e-01
1.458333333333333148e-01
1.458333333333333148e-01
1.458333333333333148e-01
1.249999999999999861e-01
1.249999999999999861e-01
1.249999999999999861e-01
1.249999999999999861e-01
1.249999999999999861e-01
1.041666666666666574e-01
1.041666666666666574e-01
1.041666666666666574e-01
1.041666666666666574e-01
1.041666666666666574e-01
1.041666666666666574e-01
1.041666666666666574e-01
8.333333333333332871e-02
6.250000000000000000e-02
6.250000000000000000e-02
6.250000000000000000e-02
4.166666666666666435e-02
4.166666666666666435e-02
4.166666666666666435e-02
4.166666666666666435e-02
4.166666666666666435e-02
4.166666666666666435e-02
4.166666666666666435e-02
4.166666666666666435e-02
4.166666666666666435e-02
4.166666666666666435e-02
4.166666666666666435e-02
4.166666666666666435e-02
4.166666666666666435e-02
2.083333333333333218e-02
2.083333333333333218e-02
2.083333333333333218e-02
2.083333333333333218e-02
2.083333333333333218e-02
2.083333333333333218e-02
2.083333333333333218e-02
2.083333333333333218e-02
2.083333333333333218e-02
2.083333333333333218e-02
2.083333333333333218e-02
2.083333333333333218e-02
2.083333333333333218e-02
2.083333333333333218e-02
2.083333333333333218e-02
2.083333333333333218e-02
2.083333333333333218e-02
2.083333333333333218e-02
2.083333333333333218e-02
2.083333333333333218e-02
2.083333333333333218e-02
2.083333333333333218e-02
2.083333333333333218e-02
2.083333333333333218e-02
2.083333333333333218e-02
2.083333333333333218e-02
2.083333333333333218e-02
2.083333333333333218e-02
2.083333333333333218e-02
2.083333333333333218e-02
