[0] -> 0, 1, 2, 3, 4, 5, 6 | 7, 8, 9, 10, 11, 12 | 13, 14, 15, 16, 17 | 18, 19, 20, 21 | 22, 23, 24 | 25, 26 | 27

[1] -> 0 | 1, 2, 3, 4, 5, 6 | 7, 8, 9, 10, 11, 12 | 13, 14, 15, 16, 17 | 18, 19, 20, 21 | 22, 23, 24 | 25, 26 | 27

[2] -> 0, 1, 2, 3, 4, 5, 6 | 7 | 8, 9, 10, 11, 12 | 13, 14, 15, 16, 17 | 18, 19, 20, 21 | 22, 23, 24 | 25, 26 | 27

[3] -> 0, 1, 2, 3, 4, 5, 6 | 7, 8, 9, 10, 11, 12 | 13 | 14, 15, 16, 17 | 18, 19, 20, 21 | 22, 23, 24 | 25, 26 | 27

[4] -> 0, 1, 2, 3, 4, 5, 6 | 7, 8, 9, 10, 11, 12 | 13, 14, 15, 16, 17 | 18 | 19, 20, 21 | 22, 23, 24 | 25, 26 | 27

[5] -> 0, 1, 2, 3, 4, 5, 6 | 7, 8, 9, 10, 11, 12 | 13, 14, 15, 16, 17 | 18, 19, 20, 21 | 22 | 23, 24 | 25, 26 | 27

[6] -> 0, 1, 2, 3, 4, 5, 6 | 7, 8, 9, 10, 11, 12 | 13, 14, 15, 16, 17 | 18, 19, 20, 21 | 22, 23, 24 | 25 | 26 | 27

[7] -> 0, 1, 2, 3, 4, 5, 6, 7, 8, 9, 10, 11, 12 | 13, 14, 15, 16, 17 | 18, 19, 20, 21 | 22, 23, 24 | 25, 26 | 27

[8] -> 0, 1, 2, 3, 4, 5, 6, 13, 14, 15, 16, 17 | 7, 8, 9, 10, 11, 12 | 18, 19, 20, 21 | 22, 23, 24 | 25, 26 | 27

[9] -> 0, 1, 2, 3, 4, 5, 6, 18, 19, 20, 21 | 7, 8, 9, 10, 11, 12 | 13, 14, 15, 16, 17 | 22, 23, 24 | 25, 26 | 27

[10] -> 0, 1, 2, 3, 4, 5, 6, 22, 23, 24 | 7, 8, 9, 10, 11, 12 | 13, 14, 15, 16, 17 | 18, 19, 20, 21 | 25, 26 | 27

[11] -> 0, 1, 2, 3, 4, 5, 6, 25, 26 | 7, 8, 9, 10, 11, 12 | 13, 14, 15, 16, 17 | 18, 19, 20, 21 | 22, 23, 24 | 27

[12] -> 0, 1, 2, 3, 4, 5, 6, 27 | 7, 8, 9, 10, 11, 12 | 13, 14, 15, 16, 17 | 18, 19, 20, 21 | 22, 23, 24 | 25, 26

[13] -> 0, 7, 8, 9, 10, 11, 12 | 1, 2, 3, 4, 5, 6 | 13, 14, 15, 16, 17 | 18, 19, 20, 21 | 22, 23, 24 | 25, 26 | 27

[14] -> 0, 13, 14, 15, 16, 17 | 1, 2, 3, 4, 5, 6 | 7, 8, 9, 10, 11, 12 | 18, 19, 20, 21 | 22, 23, 24 | 25, 26 | 27

[15] -> 0, 18, 19, 20, 21 | 1, 2, 3, 4, 5, 6 | 7, 8, 9, 10, 11, 12 | 13, 14, 15, 16, 17 | 22, 23, 24 | 25, 26 | 27

[16] -> 0, 22, 23, 24 | 1, 2, 3, 4, 5, 6 | 7, 8, 9, 10, 11, 12 | 13, 14, 15, 16, 17 | 18, 19, 20, 21 | 25, 26 | 27

[17] -> 0, 25, 26 | 1, 2, 3, 4, 5, 6 | 7, 8, 9, 10, 11, 12 | 13, 14, 15, 16, 17 | 18, 19, 20, 21 | 22, 23, 24 | 27

[18] -> 0, 27 | 1, 2, 3, 4, 5, 6 | 7, 8, 9, 10, 11, 12 | 13, 14, 15, 16, 17 | 18, 19, 20, 21 | 22, 23, 24 | 25, 26

[19] -> 0, 1, 2, 3, 4, 5, 6, 7 | 8, 9, 10, 11, 12 | 13, 14, 15, 16, 17 | 18, 19, 20, 21 | 22, 23, 24 | 25, 26 | 27

[20] -> 0, 1, 2, 3, 4, 5, 6, 13 | 7, 8, 9, 10, 11, 12 | 14, 15, 16, 17 | 18, 19, 20, 21 | 22, 23, 24 | 25, 26 | 27

[21] -> 0, 1, 2, 3, 4, 5, 6, 18 | 7, 8, 9, 10, 11, 12 | 13, 14, 15, 16, 17 | 19, 20, 21 | 22, 23, 24 | 25, 26 | 27

[22] -> 0, 1, 2, 3, 4, 5, 6, 22 | 7, 8, 9, 10, 11, 12 | 13, 14, 15, 16, 17 | 18, 19, 20, 21 | 23, 24 | 25, 26 | 27

[23] -> 0, 1, 2, 3, 4, 5, 6, 25 | 7, 8, 9, 10, 11, 12 | 13, 14, 15, 16, 17 | 18, 19, 20, 21 | 22, 23, 24 | 26 | 27

[24] -> 0 | 1, 2, 3, 4, 5, 6, 7, 8, 9, 10, 11, 12 | 13, 14, 15, 16, 17 | 18, 19, 20, 21 | 22, 23, 24 | 25, 26 | 27

[25] -> 0 | 1, 2, 3, 4, 5, 6, 13, 14, 15, 16, 17 | 7, 8, 9, 10, 11, 12 | 18, 19, 20, 21 | 22, 23, 24 | 25, 26 | 27

[26] -> 0 | 1, 2, 3, 4, 5, 6, 18, 19, 20, 21 | 7, 8, 9, 10, 11, 12 | 13, 14, 15, 16, 17 | 22, 23, 24 | 25, 26 | 27

[27] -> 0 | 1, 2, 3, 4, 5, 6, 22, 23, 24 | 7, 8, 9, 10, 11, 12 | 13, 14, 15, 16, 17 | 18, 19, 20, 21 | 25, 26 | 27

[28] -> 0 | 1, 2, 3, 4, 5, 6, 25, 26 | 7, 8, 9, 10, 11, 12 | 13, 14, 15, 16, 17 | 18, 19, 20, 21 | 22, 23, 24 | 27

[29] -> 0 | 1, 2, 3, 4, 5, 6, 27 | 7, 8, 9, 10, 11, 12 | 13, 14, 15, 16, 17 | 18, 19, 20, 21 | 22, 23, 24 | 25, 26

(0) -> mat[0][1] *= -1
(1) -> mat[0][7] *= -1
(2) -> mat[7][0] *= -1
(3) -> mat[0][13] *= -1
(4) -> mat[13][0] *= -1
(5) -> mat[0][18] *= -1
(6) -> mat[18][0] *= -1
(7) -> mat[0][22] *= -1
(8) -> mat[22][0] *= -1
(9) -> mat[0][25] *= -1
(10) -> mat[25][0] *= -1
(11) -> mat[0][27] *= -1
(12) -> mat[27][0] *= -1
