[0] -> 0, 1, 2, 3, 4, 5, 6, 7, 8, 9 | 10, 11, 12, 13, 14, 15, 16, 17, 18 | 19, 20, 21, 22, 23, 24, 25, 26 | 27, 28, 29, 30, 31, 32, 33 | 34, 35, 36, 37, 38, 39 | 40, 41, 42, 43, 44 | 45, 46, 47, 48 | 49, 50, 51 | 52, 53 | 54

[1] -> 0 | 1, 2, 3, 4, 5, 6, 7, 8, 9 | 10, 11, 12, 13, 14, 15, 16, 17, 18 | 19, 20, 21, 22, 23, 24, 25, 26 | 27, 28, 29, 30, 31, 32, 33 | 34, 35, 36, 37, 38, 39 | 40, 41, 42, 43, 44 | 45, 46, 47, 48 | 49, 50, 51 | 52, 53 | 54

[2] -> 0, 1, 2, 3, 4, 5, 6, 7, 8, 9 | 10 | 11, 12, 13, 14, 15, 16, 17, 18 | 19, 20, 21, 22, 23, 24, 25, 26 | 27, 28, 29, 30, 31, 32, 33 | 34, 35, 36, 37, 38, 39 | 40, 41, 42, 43, 44 | 45, 46, 47, 48 | 49, 50, 51 | 52, 53 | 54

[3] -> 0, 1, 2, 3, 4, 5, 6, 7, 8, 9 | 10, 11, 12, 13, 14, 15, 16, 17, 18 | 19 | 20, 21, 22, 23, 24, 25, 26 | 27, 28, 29, 30, 31, 32, 33 | 34, 35, 36, 37, 38, 39 | 40, 41, 42, 43, 44 | 45, 46, 47, 48 | 49, 50, 51 | 52, 53 | 54

[4] -> 0, 1, 2, 3, 4, 5, 6, 7, 8, 9 | 10, 11, 12, 13, 14, 15, 16, 17, 18 | 19, 20, 21, 22, 23, 24, 25, 26 | 27 | 28, 29, 30, 31, 32, 33 | 34, 35, 36, 37, 38, 39 | 40, 41, 42, 43, 44 | 45, 46, 47, 48 | 49, 50, 51 | 52, 53 | 54

[5] -> 0, 1, 2, 3, 4, 5, 6, 7, 8, 9 | 10, 11, 12, 13, 14, 15, 16, 17, 18 | 19, 20, 21, 22, 23, 24, 25, 26 | 27, 28, 29, 30, 31, 32, 33 | 34 | 35, 36, 37, 38, 39 | 40, 41, 42, 43, 44 | 45, 46, 47, 48 | 49, 50, 51 | 52, 53 | 54

[6] -> 0, 1, 2, 3, 4, 5, 6, 7, 8, 9 | 10, 11, 12, 13, 14, 15, 16, 17, 18 | 19, 20, 21, 22, 23, 24, 25, 26 | 27, 28, 29, 30, 31, 32, 33 | 34, 35, 36, 37, 38, 39 | 40 | 41, 42, 43, 44 | 45, 46, 47, 48 | 49, 50, 51 | 52, 53 | 54

[7] -> 0, 1, 2, 3, 4, 5, 6, 7, 8, 9 | 10, 11, 12, 13, 14, 15, 16, 17, 18 | 19, 20, 21, 22, 23, 24, 25, 26 | 27, 28, 29, 30, 31, 32, 33 | 34, 35, 36, 37, 38, 39 | 40, 41, 42, 43, 44 | 45 | 46, 47, 48 | 49, 50, 51 | 52, 53 | 54

[8] -> 0, 1, 2, 3, 4, 5, 6, 7, 8, 9 | 10, 11, 12, 13, 14, 15, 16, 17, 18 | 19, 20, 21, 22, 23, 24, 25, 26 | 27, 28, 29, 30, 31, 32, 33 | 34, 35, 36, 37, 38, 39 | 40, 41, 42, 43, 44 | 45, 46, 47, 48 | 49 | 50, 51 | 52, 53 | 54

[9] -> 0, 1, 2, 3, 4, 5, 6, 7, 8, 9 | 10, 11, 12, 13, 14, 15, 16, 17, 18 | 19, 20, 21, 22, 23, 24, 25, 26 | 27, 28, 29, 30, 31, 32, 33 | 34, 35, 36, 37, 38, 39 | 40, 41, 42, 43, 44 | 45, 46, 47, 48 | 49, 50, 51 | 52 | 53 | 54

[10] -> 0, 1, 2, 3, 4, 5, 6, 7, 8, 9, 10, 11, 12, 13, 14, 15, 16, 17, 18 | 19, 20, 21, 22, 23, 24, 25, 26 | 27, 28, 29, 30, 31, 32, 33 | 34, 35, 36, 37, 38, 39 | 40, 41, 42, 43, 44 | 45, 46, 47, 48 | 49, 50, 51 | 52, 53 | 54

[11] -> 0, 1, 2, 3, 4, 5, 6, 7, 8, 9, 19, 20, 21, 22, 23, 24, 25, 26 | 10, 11, 12, 13, 14, 15, 16, 17, 18 | 27, 28, 29, 30, 31, 32, 33 | 34, 35, 36, 37, 38, 39 | 40, 41, 42, 43, 44 | 45, 46, 47, 48 | 49, 50, 51 | 52, 53 | 54

[12] -> 0, 1, 2, 3, 4, 5, 6, 7, 8, 9, 27, 28, 29, 30, 31, 32, 33 | 10, 11, 12, 13, 14, 15, 16, 17, 18 | 19, 20, 21, 22, 23, 24, 25, 26 | 34, 35, 36, 37, 38, 39 | 40, 41, 42, 43, 44 | 45, 46, 47, 48 | 49, 50, 51 | 52, 53 | 54

[13] -> 0, 1, 2, 3, 4, 5, 6, 7, 8, 9, 34, 35, 36, 37, 38, 39 | 10, 11, 12, 13, 14, 15, 16, 17, 18 | 19, 20, 21, 22, 23, 24, 25, 26 | 27, 28, 29, 30, 31, 32, 33 | 40, 41, 42, 43, 44 | 45, 46, 47, 48 | 49, 50, 51 | 52, 53 | 54

[14] -> 0, 1, 2, 3, 4, 5, 6, 7, 8, 9, 40, 41, 42, 43, 44 | 10, 11, 12, 13, 14, 15, 16, 17, 18 | 19, 20, 21, 22, 23, 24, 25, 26 | 27, 28, 29, 30, 31, 32, 33 | 34, 35, 36, 37, 38, 39 | 45, 46, 47, 48 | 49, 50, 51 | 52, 53 | 54

[15] -> 0, 1, 2, 3, 4, 5, 6, 7, 8, 9, 45, 46, 47, 48 | 10, 11, 12, 13, 14, 15, 16, 17, 18 | 19, 20, 21, 22, 23, 24, 25, 26 | 27, 28, 29, 30, 31, 32, 33 | 34, 35, 36, 37, 38, 39 | 40, 41, 42, 43, 44 | 49, 50, 51 | 52, 53 | 54

[16] -> 0, 1, 2, 3, 4, 5, 6, 7, 8, 9, 49, 50, 51 | 10, 11, 12, 13, 14, 15, 16, 17, 18 | 19, 20, 21, 22, 23, 24, 25, 26 | 27, 28, 29, 30, 31, 32, 33 | 34, 35, 36, 37, 38, 39 | 40, 41, 42, 43, 44 | 45, 46, 47, 48 | 52, 53 | 54

[17] -> 0, 1, 2, 3, 4, 5, 6, 7, 8, 9, 52, 53 | 10, 11, 12, 13, 14, 15, 16, 17, 18 | 19, 20, 21, 22, 23, 24, 25, 26 | 27, 28, 29, 30, 31, 32, 33 | 34, 35, 36, 37, 38, 39 | 40, 41, 42, 43, 44 | 45, 46, 47, 48 | 49, 50, 51 | 54

[18] -> 0, 1, 2, 3, 4, 5, 6, 7, 8, 9, 54 | 10, 11, 12, 13, 14, 15, 16, 17, 18 | 19, 20, 21, 22, 23, 24, 25, 26 | 27, 28, 29, 30, 31, 32, 33 | 34, 35, 36, 37, 38, 39 | 40, 41, 42, 43, 44 | 45, 46, 47, 48 | 49, 50, 51 | 52, 53

[19] -> 0, 10, 11, 12, 13, 14, 15, 16, 17, 18 | 1, 2, 3, 4, 5, 6, 7, 8, 9 | 19, 20, 21, 22, 23, 24, 25, 26 | 27, 28, 29, 30, 31, 32, 33 | 34, 35, 36, 37, 38, 39 | 40, 41, 42, 43, 44 | 45, 46, 47, 48 | 49, 50, 51 | 52, 53 | 54

[20] -> 0, 19, 20, 21, 22, 23, 24, 25, 26 | 1, 2, 3, 4, 5, 6, 7, 8, 9 | 10, 11, 12, 13, 14, 15, 16, 17, 18 | 27, 28, 29, 30, 31, 32, 33 | 34, 35, 36, 37, 38, 39 | 40, 41, 42, 43, 44 | 45, 46, 47, 48 | 49, 50, 51 | 52, 53 | 54

[21] -> 0, 27, 28, 29, 30, 31, 32, 33 | 1, 2, 3, 4, 5, 6, 7, 8, 9 | 10, 11, 12, 13, 14, 15, 16, 17, 18 | 19, 20, 21, 22, 23, 24, 25, 26 | 34, 35, 36, 37, 38, 39 | 40, 41, 42, 43, 44 | 45, 46, 47, 48 | 49, 50, 51 | 52, 53 | 54

[22] -> 0, 34, 35, 36, 37, 38, 39 | 1, 2, 3, 4, 5, 6, 7, 8, 9 | 10, 11, 12, 13, 14, 15, 16, 17, 18 | 19, 20, 21, 22, 23, 24, 25, 26 | 27, 28, 29, 30, 31, 32, 33 | 40, 41, 42, 43, 44 | 45, 46, 47, 48 | 49, 50, 51 | 52, 53 | 54

[23] -> 0, 40, 41, 42, 43, 44 | 1, 2, 3, 4, 5, 6, 7, 8, 9 | 10, 11, 12, 13, 14, 15, 16, 17, 18 | 19, 20, 21, 22, 23, 24, 25, 26 | 27, 28, 29, 30, 31, 32, 33 | 34, 35, 36, 37, 38, 39 | 45, 46, 47, 48 | 49, 50, 51 | 52, 53 | 54

[24] -> 0, 45, 46, 47, 48 | 1, 2, 3, 4, 5, 6, 7, 8, 9 | 10, 11, 12, 13, 14, 15, 16, 17, 18 | 19, 20, 21, 22, 23, 24, 25, 26 | 27, 28, 29, 30, 31, 32, 33 | 34, 35, 36, 37, 38, 39 | 40, 41, 42, 43, 44 | 49, 50, 51 | 52, 53 | 54

[25] -> 0, 49, 50, 51 | 1, 2, 3, 4, 5, 6, 7, 8, 9 | 10, 11, 12, 13, 14, 15, 16, 17, 18 | 19, 20, 21, 22, 23, 24, 25, 26 | 27, 28, 29, 30, 31, 32, 33 | 34, 35, 36, 37, 38, 39 | 40, 41, 42, 43, 44 | 45, 46, 47, 48 | 52, 53 | 54

[26] -> 0, 52, 53 | 1, 2, 3, 4, 5, 6, 7, 8, 9 | 10, 11, 12, 13, 14, 15, 16, 17, 18 | 19, 20, 21, 22, 23, 24, 25, 26 | 27, 28, 29, 30, 31, 32, 33 | 34, 35, 36, 37, 38, 39 | 40, 41, 42, 43, 44 | 45, 46, 47, 48 | 49, 50, 51 | 54

[27] -> 0, 54 | 1, 2, 3, 4, 5, 6, 7, 8, 9 | 10, 11, 12, 13, 14, 15, 16, 17, 18 | 19, 20, 21, 22, 23, 24, 25, 26 | 27, 28, 29, 30, 31, 32, 33 | 34, 35, 36, 37, 38, 39 | 40, 41, 42, 43, 44 | 45, 46, 47, 48 | 49, 50, 51 | 52, 53

[28] -> 0, 1, 2, 3, 4, 5, 6, 7, 8, 9, 10 | 11, 12, 13, 14, 15, 16, 17, 18 | 19, 20, 21, 22, 23, 24, 25, 26 | 27, 28, 29, 30, 31, 32, 33 | 34, 35, 36, 37, 38, 39 | 40, 41, 42, 43, 44 | 45, 46, 47, 48 | 49, 50, 51 | 52, 53 | 54

[29] -> 0, 1, 2, 3, 4, 5, 6, 7, 8, 9, 19 | 10, 11, 12, 13, 14, 15, 16, 17, 18 | 20, 21, 22, 23, 24, 25, 26 | 27, 28, 29, 30, 31, 32, 33 | 34, 35, 36, 37, 38, 39 | 40, 41, 42, 43, 44 | 45, 46, 47, 48 | 49, 50, 51 | 52, 53 | 54

[30] -> 0, 1, 2, 3, 4, 5, 6, 7, 8, 9, 27 | 10, 11, 12, 13, 14, 15, 16, 17, 18 | 19, 20, 21, 22, 23, 24, 25, 26 | 28, 29, 30, 31, 32, 33 | 34, 35, 36, 37, 38, 39 | 40, 41, 42, 43, 44 | 45, 46, 47, 48 | 49, 50, 51 | 52, 53 | 54

[31] -> 0, 1, 2, 3, 4, 5, 6, 7, 8, 9, 34 | 10, 11, 12, 13, 14, 15, 16, 17, 18 | 19, 20, 21, 22, 23, 24, 25, 26 | 27, 28, 29, 30, 31, 32, 33 | 35, 36, 37, 38, 39 | 40, 41, 42, 43, 44 | 45, 46, 47, 48 | 49, 50, 51 | 52, 53 | 54

[32] -> 0, 1, 2, 3, 4, 5, 6, 7, 8, 9, 40 | 10, 11, 12, 13, 14, 15, 16, 17, 18 | 19, 20, 21, 22, 23, 24, 25, 26 | 27, 28, 29, 30, 31, 32, 33 | 34, 35, 36, 37, 38, 39 | 41, 42, 43, 44 | 45, 46, 47, 48 | 49, 50, 51 | 52, 53 | 54

[33] -> 0, 1, 2, 3, 4, 5, 6, 7, 8, 9, 45 | 10, 11, 12, 13, 14, 15, 16, 17, 18 | 19, 20, 21, 22, 23, 24, 25, 26 | 27, 28, 29, 30, 31, 32, 33 | 34, 35, 36, 37, 38, 39 | 40, 41, 42, 43, 44 | 46, 47, 48 | 49, 50, 51 | 52, 53 | 54

[34] -> 0, 1, 2, 3, 4, 5, 6, 7, 8, 9, 49 | 10, 11, 12, 13, 14, 15, 16, 17, 18 | 19, 20, 21, 22, 23, 24, 25, 26 | 27, 28, 29, 30, 31, 32, 33 | 34, 35, 36, 37, 38, 39 | 40, 41, 42, 43, 44 | 45, 46, 47, 48 | 50, 51 | 52, 53 | 54

[35] -> 0, 1, 2, 3, 4, 5, 6, 7, 8, 9, 52 | 10, 11, 12, 13, 14, 15, 16, 17, 18 | 19, 20, 21, 22, 23, 24, 25, 26 | 27, 28, 29, 30, 31, 32, 33 | 34, 35, 36, 37, 38, 39 | 40, 41, 42, 43, 44 | 45, 46, 47, 48 | 49, 50, 51 | 53 | 54

[36] -> 0 | 1, 2, 3, 4, 5, 6, 7, 8, 9, 10, 11, 12, 13, 14, 15, 16, 17, 18 | 19, 20, 21, 22, 23, 24, 25, 26 | 27, 28, 29, 30, 31, 32, 33 | 34, 35, 36, 37, 38, 39 | 40, 41, 42, 43, 44 | 45, 46, 47, 48 | 49, 50, 51 | 52, 53 | 54

[37] -> 0 | 1, 2, 3, 4, 5, 6, 7, 8, 9, 19, 20, 21, 22, 23, 24, 25, 26 | 10, 11, 12, 13, 14, 15, 16, 17, 18 | 27, 28, 29, 30, 31, 32, 33 | 34, 35, 36, 37, 38, 39 | 40, 41, 42, 43, 44 | 45, 46, 47, 48 | 49, 50, 51 | 52, 53 | 54

[38] -> 0 | 1, 2, 3, 4, 5, 6, 7, 8, 9, 27, 28, 29, 30, 31, 32, 33 | 10, 11, 12, 13, 14, 15, 16, 17, 18 | 19, 20, 21, 22, 23, 24, 25, 26 | 34, 35, 36, 37, 38, 39 | 40, 41, 42, 43, 44 | 45, 46, 47, 48 | 49, 50, 51 | 52, 53 | 54

[39] -> 0 | 1, 2, 3, 4, 5, 6, 7, 8, 9, 34, 35, 36, 37, 38, 39 | 10, 11, 12, 13, 14, 15, 16, 17, 18 | 19, 20, 21, 22, 23, 24, 25, 26 | 27, 28, 29, 30, 31, 32, 33 | 40, 41, 42, 43, 44 | 45, 46, 47, 48 | 49, 50, 51 | 52, 53 | 54

[40] -> 0 | 1, 2, 3, 4, 5, 6, 7, 8, 9, 40, 41, 42, 43, 44 | 10, 11, 12, 13, 14, 15, 16, 17, 18 | 19, 20, 21, 22, 23, 24, 25, 26 | 27, 28, 29, 30, 31, 32, 33 | 34, 35, 36, 37, 38, 39 | 45, 46, 47, 48 | 49, 50, 51 | 52, 53 | 54

[41] -> 0 | 1, 2, 3, 4, 5, 6, 7, 8, 9, 45, 46, 47, 48 | 10, 11, 12, 13, 14, 15, 16, 17, 18 | 19, 20, 21, 22, 23, 24, 25, 26 | 27, 28, 29, 30, 31, 32, 33 | 34, 35, 36, 37, 38, 39 | 40, 41, 42, 43, 44 | 49, 50, 51 | 52, 53 | 54

[42] -> 0 | 1, 2, 3, 4, 5, 6, 7, 8, 9, 49, 50, 51 | 10, 11, 12, 13, 14, 15, 16, 17, 18 | 19, 20, 21, 22, 23, 24, 25, 26 | 27, 28, 29, 30, 31, 32, 33 | 34, 35, 36, 37, 38, 39 | 40, 41, 42, 43, 44 | 45, 46, 47, 48 | 52, 53 | 54

[43] -> 0 | 1, 2, 3, 4, 5, 6, 7, 8, 9, 52, 53 | 10, 11, 12, 13, 14, 15, 16, 17, 18 | 19, 20, 21, 22, 23, 24, 25, 26 | 27, 28, 29, 30, 31, 32, 33 | 34, 35, 36, 37, 38, 39 | 40, 41, 42, 43, 44 | 45, 46, 47, 48 | 49, 50, 51 | 54

[44] -> 0 | 1, 2, 3, 4, 5, 6, 7, 8, 9, 54 | 10, 11, 12, 13, 14, 15, 16, 17, 18 | 19, 20, 21, 22, 23, 24, 25, 26 | 27, 28, 29, 30, 31, 32, 33 | 34, 35, 36, 37, 38, 39 | 40, 41, 42, 43, 44 | 45, 46, 47, 48 | 49, 50, 51 | 52, 53

(0) -> mat[0][1] *= -1
(1) -> mat[0][10] *= -1
(2) -> mat[10][0] *= -1
(3) -> mat[0][19] *= -1
(4) -> mat[19][0] *= -1
(5) -> mat[0][27] *= -1
(6) -> mat[27][0] *= -1
(7) -> mat[0][34] *= -1
(8) -> mat[34][0] *= -1
(9) -> mat[0][40] *= -1
(10) -> mat[40][0] *= -1
(11) -> mat[0][45] *= -1
(12) -> mat[45][0] *= -1
(13) -> mat[0][49] *= -1
(14) -> mat[49][0] *= -1
(15) -> mat[0][52] *= -1
(16) -> mat[52][0] *= -1
(17) -> mat[0][54] *= -1
(18) -> mat[54][0] *= -1
