[0] -> 0, 1, 2, 3, 4, 5, 6, 7, 8, 9, 10, 11, 12 | 13, 14, 15, 16, 17, 18, 19, 20, 21, 22, 23, 24 | 25, 26, 27, 28, 29, 30, 31, 32, 33, 34, 35 | 36, 37, 38, 39, 40, 41, 42, 43, 44, 45 | 46, 47, 48, 49, 50, 51, 52, 53, 54 | 55, 56, 57, 58, 59, 60, 61, 62 | 63, 64, 65, 66, 67, 68, 69 | 70, 71, 72, 73, 74, 75 | 76, 77, 78, 79, 80 | 81, 82, 83, 84 | 85, 86, 87 | 88, 89 | 90

[1] -> 0 | 1, 2, 3, 4, 5, 6, 7, 8, 9, 10, 11, 12 | 13, 14, 15, 16, 17, 18, 19, 20, 21, 22, 23, 24 | 25, 26, 27, 28, 29, 30, 31, 32, 33, 34, 35 | 36, 37, 38, 39, 40, 41, 42, 43, 44, 45 | 46, 47, 48, 49, 50, 51, 52, 53, 54 | 55, 56, 57, 58, 59, 60, 61, 62 | 63, 64, 65, 66, 67, 68, 69 | 70, 71, 72, 73, 74, 75 | 76, 77, 78, 79, 80 | 81, 82, 83, 84 | 85, 86, 87 | 88, 89 | 90

[2] -> 0, 1, 2, 3, 4, 5, 6, 7, 8, 9, 10, 11, 12 | 13 | 14, 15, 16, 17, 18, 19, 20, 21, 22, 23, 24 | 25, 26, 27, 28, 29, 30, 31, 32, 33, 34, 35 | 36, 37, 38, 39, 40, 41, 42, 43, 44, 45 | 46, 47, 48, 49, 50, 51, 52, 53, 54 | 55, 56, 57, 58, 59, 60, 61, 62 | 63, 64, 65, 66, 67, 68, 69 | 70, 71, 72, 73, 74, 75 | 76, 77, 78, 79, 80 | 81, 82, 83, 84 | 85, 86, 87 | 88, 89 | 90

[3] -> 0, 1, 2, 3, 4, 5, 6, 7, 8, 9, 10, 11, 12 | 13, 14, 15, 16, 17, 18, 19, 20, 21, 22, 23, 24 | 25 | 26, 27, 28, 29, 30, 31, 32, 33, 34, 35 | 36, 37, 38, 39, 40, 41, 42, 43, 44, 45 | 46, 47, 48, 49, 50, 51, 52, 53, 54 | 55, 56, 57, 58, 59, 60, 61, 62 | 63, 64, 65, 66, 67, 68, 69 | 70, 71, 72, 73, 74, 75 | 76, 77, 78, 79, 80 | 81, 82, 83, 84 | 85, 86, 87 | 88, 89 | 90

[4] -> 0, 1, 2, 3, 4, 5, 6, 7, 8, 9, 10, 11, 12 | 13, 14, 15, 16, 17, 18, 19, 20, 21, 22, 23, 24 | 25, 26, 27, 28, 29, 30, 31, 32, 33, 34, 35 | 36 | 37, 38, 39, 40, 41, 42, 43, 44, 45 | 46, 47, 48, 49, 50, 51, 52, 53, 54 | 55, 56, 57, 58, 59, 60, 61, 62 | 63, 64, 65, 66, 67, 68, 69 | 70, 71, 72, 73, 74, 75 | 76, 77, 78, 79, 80 | 81, 82, 83, 84 | 85, 86, 87 | 88, 89 | 90

[5] -> 0, 1, 2, 3, 4, 5, 6, 7, 8, 9, 10, 11, 12 | 13, 14, 15, 16, 17, 18, 19, 20, 21, 22, 23, 24 | 25, 26, 27, 28, 29, 30, 31, 32, 33, 34, 35 | 36, 37, 38, 39, 40, 41, 42, 43, 44, 45 | 46 | 47, 48, 49, 50, 51, 52, 53, 54 | 55, 56, 57, 58, 59, 60, 61, 62 | 63, 64, 65, 66, 67, 68, 69 | 70, 71, 72, 73, 74, 75 | 76, 77, 78, 79, 80 | 81, 82, 83, 84 | 85, 86, 87 | 88, 89 | 90

[6] -> 0, 1, 2, 3, 4, 5, 6, 7, 8, 9, 10, 11, 12 | 13, 14, 15, 16, 17, 18, 19, 20, 21, 22, 23, 24 | 25, 26, 27, 28, 29, 30, 31, 32, 33, 34, 35 | 36, 37, 38, 39, 40, 41, 42, 43, 44, 45 | 46, 47, 48, 49, 50, 51, 52, 53, 54 | 55 | 56, 57, 58, 59, 60, 61, 62 | 63, 64, 65, 66, 67, 68, 69 | 70, 71, 72, 73, 74, 75 | 76, 77, 78, 79, 80 | 81, 82, 83, 84 | 85, 86, 87 | 88, 89 | 90

[7] -> 0, 1, 2, 3, 4, 5, 6, 7, 8, 9, 10, 11, 12 | 13, 14, 15, 16, 17, 18, 19, 20, 21, 22, 23, 24 | 25, 26, 27, 28, 29, 30, 31, 32, 33, 34, 35 | 36, 37, 38, 39, 40, 41, 42, 43, 44, 45 | 46, 47, 48, 49, 50, 51, 52, 53, 54 | 55, 56, 57, 58, 59, 60, 61, 62 | 63 | 64, 65, 66, 67, 68, 69 | 70, 71, 72, 73, 74, 75 | 76, 77, 78, 79, 80 | 81, 82, 83, 84 | 85, 86, 87 | 88, 89 | 90

[8] -> 0, 1, 2, 3, 4, 5, 6, 7, 8, 9, 10, 11, 12 | 13, 14, 15, 16, 17, 18, 19, 20, 21, 22, 23, 24 | 25, 26, 27, 28, 29, 30, 31, 32, 33, 34, 35 | 36, 37, 38, 39, 40, 41, 42, 43, 44, 45 | 46, 47, 48, 49, 50, 51, 52, 53, 54 | 55, 56, 57, 58, 59, 60, 61, 62 | 63, 64, 65, 66, 67, 68, 69 | 70 | 71, 72, 73, 74, 75 | 76, 77, 78, 79, 80 | 81, 82, 83, 84 | 85, 86, 87 | 88, 89 | 90

[9] -> 0, 1, 2, 3, 4, 5, 6, 7, 8, 9, 10, 11, 12 | 13, 14, 15, 16, 17, 18, 19, 20, 21, 22, 23, 24 | 25, 26, 27, 28, 29, 30, 31, 32, 33, 34, 35 | 36, 37, 38, 39, 40, 41, 42, 43, 44, 45 | 46, 47, 48, 49, 50, 51, 52, 53, 54 | 55, 56, 57, 58, 59, 60, 61, 62 | 63, 64, 65, 66, 67, 68, 69 | 70, 71, 72, 73, 74, 75 | 76 | 77, 78, 79, 80 | 81, 82, 83, 84 | 85, 86, 87 | 88, 89 | 90

[10] -> 0, 1, 2, 3, 4, 5, 6, 7, 8, 9, 10, 11, 12 | 13, 14, 15, 16, 17, 18, 19, 20, 21, 22, 23, 24 | 25, 26, 27, 28, 29, 30, 31, 32, 33, 34, 35 | 36, 37, 38, 39, 40, 41, 42, 43, 44, 45 | 46, 47, 48, 49, 50, 51, 52, 53, 54 | 55, 56, 57, 58, 59, 60, 61, 62 | 63, 64, 65, 66, 67, 68, 69 | 70, 71, 72, 73, 74, 75 | 76, 77, 78, 79, 80 | 81 | 82, 83, 84 | 85, 86, 87 | 88, 89 | 90

[11] -> 0, 1, 2, 3, 4, 5, 6, 7, 8, 9, 10, 11, 12 | 13, 14, 15, 16, 17, 18, 19, 20, 21, 22, 23, 24 | 25, 26, 27, 28, 29, 30, 31, 32, 33, 34, 35 | 36, 37, 38, 39, 40, 41, 42, 43, 44, 45 | 46, 47, 48, 49, 50, 51, 52, 53, 54 | 55, 56, 57, 58, 59, 60, 61, 62 | 63, 64, 65, 66, 67, 68, 69 | 70, 71, 72, 73, 74, 75 | 76, 77, 78, 79, 80 | 81, 82, 83, 84 | 85 | 86, 87 | 88, 89 | 90

[12] -> 0, 1, 2, 3, 4, 5, 6, 7, 8, 9, 10, 11, 12 | 13, 14, 15, 16, 17, 18, 19, 20, 21, 22, 23, 24 | 25, 26, 27, 28, 29, 30, 31, 32, 33, 34, 35 | 36, 37, 38, 39, 40, 41, 42, 43, 44, 45 | 46, 47, 48, 49, 50, 51, 52, 53, 54 | 55, 56, 57, 58, 59, 60, 61, 62 | 63, 64, 65, 66, 67, 68, 69 | 70, 71, 72, 73, 74, 75 | 76, 77, 78, 79, 80 | 81, 82, 83, 84 | 85, 86, 87 | 88 | 89 | 90

[13] -> 0, 1, 2, 3, 4, 5, 6, 7, 8, 9, 10, 11, 12, 13, 14, 15, 16, 17, 18, 19, 20, 21, 22, 23, 24 | 25, 26, 27, 28, 29, 30, 31, 32, 33, 34, 35 | 36, 37, 38, 39, 40, 41, 42, 43, 44, 45 | 46, 47, 48, 49, 50, 51, 52, 53, 54 | 55, 56, 57, 58, 59, 60, 61, 62 | 63, 64, 65, 66, 67, 68, 69 | 70, 71, 72, 73, 74, 75 | 76, 77, 78, 79, 80 | 81, 82, 83, 84 | 85, 86, 87 | 88, 89 | 90

[14] -> 0, 1, 2, 3, 4, 5, 6, 7, 8, 9, 10, 11, 12, 25, 26, 27, 28, 29, 30, 31, 32, 33, 34, 35 | 13, 14, 15, 16, 17, 18, 19, 20, 21, 22, 23, 24 | 36, 37, 38, 39, 40, 41, 42, 43, 44, 45 | 46, 47, 48, 49, 50, 51, 52, 53, 54 | 55, 56, 57, 58, 59, 60, 61, 62 | 63, 64, 65, 66, 67, 68, 69 | 70, 71, 72, 73, 74, 75 | 76, 77, 78, 79, 80 | 81, 82, 83, 84 | 85, 86, 87 | 88, 89 | 90

[15] -> 0, 1, 2, 3, 4, 5, 6, 7, 8, 9, 10, 11, 12, 36, 37, 38, 39, 40, 41, 42, 43, 44, 45 | 13, 14, 15, 16, 17, 18, 19, 20, 21, 22, 23, 24 | 25, 26, 27, 28, 29, 30, 31, 32, 33, 34, 35 | 46, 47, 48, 49, 50, 51, 52, 53, 54 | 55, 56, 57, 58, 59, 60, 61, 62 | 63, 64, 65, 66, 67, 68, 69 | 70, 71, 72, 73, 74, 75 | 76, 77, 78, 79, 80 | 81, 82, 83, 84 | 85, 86, 87 | 88, 89 | 90

[16] -> 0, 1, 2, 3, 4, 5, 6, 7, 8, 9, 10, 11, 12, 46, 47, 48, 49, 50, 51, 52, 53, 54 | 13, 14, 15, 16, 17, 18, 19, 20, 21, 22, 23, 24 | 25, 26, 27, 28, 29, 30, 31, 32, 33, 34, 35 | 36, 37, 38, 39, 40, 41, 42, 43, 44, 45 | 55, 56, 57, 58, 59, 60, 61, 62 | 63, 64, 65, 66, 67, 68, 69 | 70, 71, 72, 73, 74, 75 | 76, 77, 78, 79, 80 | 81, 82, 83, 84 | 85, 86, 87 | 88, 89 | 90

[17] -> 0, 1, 2, 3, 4, 5, 6, 7, 8, 9, 10, 11, 12, 55, 56, 57, 58, 59, 60, 61, 62 | 13, 14, 15, 16, 17, 18, 19, 20, 21, 22, 23, 24 | 25, 26, 27, 28, 29, 30, 31, 32, 33, 34, 35 | 36, 37, 38, 39, 40, 41, 42, 43, 44, 45 | 46, 47, 48, 49, 50, 51, 52, 53, 54 | 63, 64, 65, 66, 67, 68, 69 | 70, 71, 72, 73, 74, 75 | 76, 77, 78, 79, 80 | 81, 82, 83, 84 | 85, 86, 87 | 88, 89 | 90

[18] -> 0, 1, 2, 3, 4, 5, 6, 7, 8, 9, 10, 11, 12, 63, 64, 65, 66, 67, 68, 69 | 13, 14, 15, 16, 17, 18, 19, 20, 21, 22, 23, 24 | 25, 26, 27, 28, 29, 30, 31, 32, 33, 34, 35 | 36, 37, 38, 39, 40, 41, 42, 43, 44, 45 | 46, 47, 48, 49, 50, 51, 52, 53, 54 | 55, 56, 57, 58, 59, 60, 61, 62 | 70, 71, 72, 73, 74, 75 | 76, 77, 78, 79, 80 | 81, 82, 83, 84 | 85, 86, 87 | 88, 89 | 90

[19] -> 0, 1, 2, 3, 4, 5, 6, 7, 8, 9, 10, 11, 12, 70, 71, 72, 73, 74, 75 | 13, 14, 15, 16, 17, 18, 19, 20, 21, 22, 23, 24 | 25, 26, 27, 28, 29, 30, 31, 32, 33, 34, 35 | 36, 37, 38, 39, 40, 41, 42, 43, 44, 45 | 46, 47, 48, 49, 50, 51, 52, 53, 54 | 55, 56, 57, 58, 59, 60, 61, 62 | 63, 64, 65, 66, 67, 68, 69 | 76, 77, 78, 79, 80 | 81, 82, 83, 84 | 85, 86, 87 | 88, 89 | 90

[20] -> 0, 1, 2, 3, 4, 5, 6, 7, 8, 9, 10, 11, 12, 76, 77, 78, 79, 80 | 13, 14, 15, 16, 17, 18, 19, 20, 21, 22, 23, 24 | 25, 26, 27, 28, 29, 30, 31, 32, 33, 34, 35 | 36, 37, 38, 39, 40, 41, 42, 43, 44, 45 | 46, 47, 48, 49, 50, 51, 52, 53, 54 | 55, 56, 57, 58, 59, 60, 61, 62 | 63, 64, 65, 66, 67, 68, 69 | 70, 71, 72, 73, 74, 75 | 81, 82, 83, 84 | 85, 86, 87 | 88, 89 | 90

[21] -> 0, 1, 2, 3, 4, 5, 6, 7, 8, 9, 10, 11, 12, 81, 82, 83, 84 | 13, 14, 15, 16, 17, 18, 19, 20, 21, 22, 23, 24 | 25, 26, 27, 28, 29, 30, 31, 32, 33, 34, 35 | 36, 37, 38, 39, 40, 41, 42, 43, 44, 45 | 46, 47, 48, 49, 50, 51, 52, 53, 54 | 55, 56, 57, 58, 59, 60, 61, 62 | 63, 64, 65, 66, 67, 68, 69 | 70, 71, 72, 73, 74, 75 | 76, 77, 78, 79, 80 | 85, 86, 87 | 88, 89 | 90

[22] -> 0, 1, 2, 3, 4, 5, 6, 7, 8, 9, 10, 11, 12, 85, 86, 87 | 13, 14, 15, 16, 17, 18, 19, 20, 21, 22, 23, 24 | 25, 26, 27, 28, 29, 30, 31, 32, 33, 34, 35 | 36, 37, 38, 39, 40, 41, 42, 43, 44, 45 | 46, 47, 48, 49, 50, 51, 52, 53, 54 | 55, 56, 57, 58, 59, 60, 61, 62 | 63, 64, 65, 66, 67, 68, 69 | 70, 71, 72, 73, 74, 75 | 76, 77, 78, 79, 80 | 81, 82, 83, 84 | 88, 89 | 90

[23] -> 0, 1, 2, 3, 4, 5, 6, 7, 8, 9, 10, 11, 12, 88, 89 | 13, 14, 15, 16, 17, 18, 19, 20, 21, 22, 23, 24 | 25, 26, 27, 28, 29, 30, 31, 32, 33, 34, 35 | 36, 37, 38, 39, 40, 41, 42, 43, 44, 45 | 46, 47, 48, 49, 50, 51, 52, 53, 54 | 55, 56, 57, 58, 59, 60, 61, 62 | 63, 64, 65, 66, 67, 68, 69 | 70, 71, 72, 73, 74, 75 | 76, 77, 78, 79, 80 | 81, 82, 83, 84 | 85, 86, 87 | 90

[24] -> 0, 1, 2, 3, 4, 5, 6, 7, 8, 9, 10, 11, 12, 90 | 13, 14, 15, 16, 17, 18, 19, 20, 21, 22, 23, 24 | 25, 26, 27, 28, 29, 30, 31, 32, 33, 34, 35 | 36, 37, 38, 39, 40, 41, 42, 43, 44, 45 | 46, 47, 48, 49, 50, 51, 52, 53, 54 | 55, 56, 57, 58, 59, 60, 61, 62 | 63, 64, 65, 66, 67, 68, 69 | 70, 71, 72, 73, 74, 75 | 76, 77, 78, 79, 80 | 81, 82, 83, 84 | 85, 86, 87 | 88, 89

[25] -> 0, 13, 14, 15, 16, 17, 18, 19, 20, 21, 22, 23, 24 | 1, 2, 3, 4, 5, 6, 7, 8, 9, 10, 11, 12 | 25, 26, 27, 28, 29, 30, 31, 32, 33, 34, 35 | 36, 37, 38, 39, 40, 41, 42, 43, 44, 45 | 46, 47, 48, 49, 50, 51, 52, 53, 54 | 55, 56, 57, 58, 59, 60, 61, 62 | 63, 64, 65, 66, 67, 68, 69 | 70, 71, 72, 73, 74, 75 | 76, 77, 78, 79, 80 | 81, 82, 83, 84 | 85, 86, 87 | 88, 89 | 90

[26] -> 0, 25, 26, 27, 28, 29, 30, 31, 32, 33, 34, 35 | 1, 2, 3, 4, 5, 6, 7, 8, 9, 10, 11, 12 | 13, 14, 15, 16, 17, 18, 19, 20, 21, 22, 23, 24 | 36, 37, 38, 39, 40, 41, 42, 43, 44, 45 | 46, 47, 48, 49, 50, 51, 52, 53, 54 | 55, 56, 57, 58, 59, 60, 61, 62 | 63, 64, 65, 66, 67, 68, 69 | 70, 71, 72, 73, 74, 75 | 76, 77, 78, 79, 80 | 81, 82, 83, 84 | 85, 86, 87 | 88, 89 | 90

[27] -> 0, 36, 37, 38, 39, 40, 41, 42, 43, 44, 45 | 1, 2, 3, 4, 5, 6, 7, 8, 9, 10, 11, 12 | 13, 14, 15, 16, 17, 18, 19, 20, 21, 22, 23, 24 | 25, 26, 27, 28, 29, 30, 31, 32, 33, 34, 35 | 46, 47, 48, 49, 50, 51, 52, 53, 54 | 55, 56, 57, 58, 59, 60, 61, 62 | 63, 64, 65, 66, 67, 68, 69 | 70, 71, 72, 73, 74, 75 | 76, 77, 78, 79, 80 | 81, 82, 83, 84 | 85, 86, 87 | 88, 89 | 90

[28] -> 0, 46, 47, 48, 49, 50, 51, 52, 53, 54 | 1, 2, 3, 4, 5, 6, 7, 8, 9, 10, 11, 12 | 13, 14, 15, 16, 17, 18, 19, 20, 21, 22, 23, 24 | 25, 26, 27, 28, 29, 30, 31, 32, 33, 34, 35 | 36, 37, 38, 39, 40, 41, 42, 43, 44, 45 | 55, 56, 57, 58, 59, 60, 61, 62 | 63, 64, 65, 66, 67, 68, 69 | 70, 71, 72, 73, 74, 75 | 76, 77, 78, 79, 80 | 81, 82, 83, 84 | 85, 86, 87 | 88, 89 | 90

[29] -> 0, 55, 56, 57, 58, 59, 60, 61, 62 | 1, 2, 3, 4, 5, 6, 7, 8, 9, 10, 11, 12 | 13, 14, 15, 16, 17, 18, 19, 20, 21, 22, 23, 24 | 25, 26, 27, 28, 29, 30, 31, 32, 33, 34, 35 | 36, 37, 38, 39, 40, 41, 42, 43, 44, 45 | 46, 47, 48, 49, 50, 51, 52, 53, 54 | 63, 64, 65, 66, 67, 68, 69 | 70, 71, 72, 73, 74, 75 | 76, 77, 78, 79, 80 | 81, 82, 83, 84 | 85, 86, 87 | 88, 89 | 90

[30] -> 0, 63, 64, 65, 66, 67, 68, 69 | 1, 2, 3, 4, 5, 6, 7, 8, 9, 10, 11, 12 | 13, 14, 15, 16, 17, 18, 19, 20, 21, 22, 23, 24 | 25, 26, 27, 28, 29, 30, 31, 32, 33, 34, 35 | 36, 37, 38, 39, 40, 41, 42, 43, 44, 45 | 46, 47, 48, 49, 50, 51, 52, 53, 54 | 55, 56, 57, 58, 59, 60, 61, 62 | 70, 71, 72, 73, 74, 75 | 76, 77, 78, 79, 80 | 81, 82, 83, 84 | 85, 86, 87 | 88, 89 | 90

[31] -> 0, 70, 71, 72, 73, 74, 75 | 1, 2, 3, 4, 5, 6, 7, 8, 9, 10, 11, 12 | 13, 14, 15, 16, 17, 18, 19, 20, 21, 22, 23, 24 | 25, 26, 27, 28, 29, 30, 31, 32, 33, 34, 35 | 36, 37, 38, 39, 40, 41, 42, 43, 44, 45 | 46, 47, 48, 49, 50, 51, 52, 53, 54 | 55, 56, 57, 58, 59, 60, 61, 62 | 63, 64, 65, 66, 67, 68, 69 | 76, 77, 78, 79, 80 | 81, 82, 83, 84 | 85, 86, 87 | 88, 89 | 90

[32] -> 0, 76, 77, 78, 79, 80 | 1, 2, 3, 4, 5, 6, 7, 8, 9, 10, 11, 12 | 13, 14, 15, 16, 17, 18, 19, 20, 21, 22, 23, 24 | 25, 26, 27, 28, 29, 30, 31, 32, 33, 34, 35 | 36, 37, 38, 39, 40, 41, 42, 43, 44, 45 | 46, 47, 48, 49, 50, 51, 52, 53, 54 | 55, 56, 57, 58, 59, 60, 61, 62 | 63, 64, 65, 66, 67, 68, 69 | 70, 71, 72, 73, 74, 75 | 81, 82, 83, 84 | 85, 86, 87 | 88, 89 | 90

[33] -> 0, 81, 82, 83, 84 | 1, 2, 3, 4, 5, 6, 7, 8, 9, 10, 11, 12 | 13, 14, 15, 16, 17, 18, 19, 20, 21, 22, 23, 24 | 25, 26, 27, 28, 29, 30, 31, 32, 33, 34, 35 | 36, 37, 38, 39, 40, 41, 42, 43, 44, 45 | 46, 47, 48, 49, 50, 51, 52, 53, 54 | 55, 56, 57, 58, 59, 60, 61, 62 | 63, 64, 65, 66, 67, 68, 69 | 70, 71, 72, 73, 74, 75 | 76, 77, 78, 79, 80 | 85, 86, 87 | 88, 89 | 90

[34] -> 0, 85, 86, 87 | 1, 2, 3, 4, 5, 6, 7, 8, 9, 10, 11, 12 | 13, 14, 15, 16, 17, 18, 19, 20, 21, 22, 23, 24 | 25, 26, 27, 28, 29, 30, 31, 32, 33, 34, 35 | 36, 37, 38, 39, 40, 41, 42, 43, 44, 45 | 46, 47, 48, 49, 50, 51, 52, 53, 54 | 55, 56, 57, 58, 59, 60, 61, 62 | 63, 64, 65, 66, 67, 68, 69 | 70, 71, 72, 73, 74, 75 | 76, 77, 78, 79, 80 | 81, 82, 83, 84 | 88, 89 | 90

[35] -> 0, 88, 89 | 1, 2, 3, 4, 5, 6, 7, 8, 9, 10, 11, 12 | 13, 14, 15, 16, 17, 18, 19, 20, 21, 22, 23, 24 | 25, 26, 27, 28, 29, 30, 31, 32, 33, 34, 35 | 36, 37, 38, 39, 40, 41, 42, 43, 44, 45 | 46, 47, 48, 49, 50, 51, 52, 53, 54 | 55, 56, 57, 58, 59, 60, 61, 62 | 63, 64, 65, 66, 67, 68, 69 | 70, 71, 72, 73, 74, 75 | 76, 77, 78, 79, 80 | 81, 82, 83, 84 | 85, 86, 87 | 90

[36] -> 0, 90 | 1, 2, 3, 4, 5, 6, 7, 8, 9, 10, 11, 12 | 13, 14, 15, 16, 17, 18, 19, 20, 21, 22, 23, 24 | 25, 26, 27, 28, 29, 30, 31, 32, 33, 34, 35 | 36, 37, 38, 39, 40, 41, 42, 43, 44, 45 | 46, 47, 48, 49, 50, 51, 52, 53, 54 | 55, 56, 57, 58, 59, 60, 61, 62 | 63, 64, 65, 66, 67, 68, 69 | 70, 71, 72, 73, 74, 75 | 76, 77, 78, 79, 80 | 81, 82, 83, 84 | 85, 86, 87 | 88, 89

[37] -> 0, 1, 2, 3, 4, 5, 6, 7, 8, 9, 10, 11, 12, 13 | 14, 15, 16, 17, 18, 19, 20, 21, 22, 23, 24 | 25, 26, 27, 28, 29, 30, 31, 32, 33, 34, 35 | 36, 37, 38, 39, 40, 41, 42, 43, 44, 45 | 46, 47, 48, 49, 50, 51, 52, 53, 54 | 55, 56, 57, 58, 59, 60, 61, 62 | 63, 64, 65, 66, 67, 68, 69 | 70, 71, 72, 73, 74, 75 | 76, 77, 78, 79, 80 | 81, 82, 83, 84 | 85, 86, 87 | 88, 89 | 90

[38] -> 0, 1, 2, 3, 4, 5, 6, 7, 8, 9, 10, 11, 12, 25 | 13, 14, 15, 16, 17, 18, 19, 20, 21, 22, 23, 24 | 26, 27, 28, 29, 30, 31, 32, 33, 34, 35 | 36, 37, 38, 39, 40, 41, 42, 43, 44, 45 | 46, 47, 48, 49, 50, 51, 52, 53, 54 | 55, 56, 57, 58, 59, 60, 61, 62 | 63, 64, 65, 66, 67, 68, 69 | 70, 71, 72, 73, 74, 75 | 76, 77, 78, 79, 80 | 81, 82, 83, 84 | 85, 86, 87 | 88, 89 | 90

[39] -> 0, 1, 2, 3, 4, 5, 6, 7, 8, 9, 10, 11, 12, 36 | 13, 14, 15, 16, 17, 18, 19, 20, 21, 22, 23, 24 | 25, 26, 27, 28, 29, 30, 31, 32, 33, 34, 35 | 37, 38, 39, 40, 41, 42, 43, 44, 45 | 46, 47, 48, 49, 50, 51, 52, 53, 54 | 55, 56, 57, 58, 59, 60, 61, 62 | 63, 64, 65, 66, 67, 68, 69 | 70, 71, 72, 73, 74, 75 | 76, 77, 78, 79, 80 | 81, 82, 83, 84 | 85, 86, 87 | 88, 89 | 90

[40] -> 0, 1, 2, 3, 4, 5, 6, 7, 8, 9, 10, 11, 12, 46 | 13, 14, 15, 16, 17, 18, 19, 20, 21, 22, 23, 24 | 25, 26, 27, 28, 29, 30, 31, 32, 33, 34, 35 | 36, 37, 38, 39, 40, 41, 42, 43, 44, 45 | 47, 48, 49, 50, 51, 52, 53, 54 | 55, 56, 57, 58, 59, 60, 61, 62 | 63, 64, 65, 66, 67, 68, 69 | 70, 71, 72, 73, 74, 75 | 76, 77, 78, 79, 80 | 81, 82, 83, 84 | 85, 86, 87 | 88, 89 | 90

[41] -> 0, 1, 2, 3, 4, 5, 6, 7, 8, 9, 10, 11, 12, 55 | 13, 14, 15, 16, 17, 18, 19, 20, 21, 22, 23, 24 | 25, 26, 27, 28, 29, 30, 31, 32, 33, 34, 35 | 36, 37, 38, 39, 40, 41, 42, 43, 44, 45 | 46, 47, 48, 49, 50, 51, 52, 53, 54 | 56, 57, 58, 59, 60, 61, 62 | 63, 64, 65, 66, 67, 68, 69 | 70, 71, 72, 73, 74, 75 | 76, 77, 78, 79, 80 | 81, 82, 83, 84 | 85, 86, 87 | 88, 89 | 90

[42] -> 0, 1, 2, 3, 4, 5, 6, 7, 8, 9, 10, 11, 12, 63 | 13, 14, 15, 16, 17, 18, 19, 20, 21, 22, 23, 24 | 25, 26, 27, 28, 29, 30, 31, 32, 33, 34, 35 | 36, 37, 38, 39, 40, 41, 42, 43, 44, 45 | 46, 47, 48, 49, 50, 51, 52, 53, 54 | 55, 56, 57, 58, 59, 60, 61, 62 | 64, 65, 66, 67, 68, 69 | 70, 71, 72, 73, 74, 75 | 76, 77, 78, 79, 80 | 81, 82, 83, 84 | 85, 86, 87 | 88, 89 | 90

[43] -> 0, 1, 2, 3, 4, 5, 6, 7, 8, 9, 10, 11, 12, 70 | 13, 14, 15, 16, 17, 18, 19, 20, 21, 22, 23, 24 | 25, 26, 27, 28, 29, 30, 31, 32, 33, 34, 35 | 36, 37, 38, 39, 40, 41, 42, 43, 44, 45 | 46, 47, 48, 49, 50, 51, 52, 53, 54 | 55, 56, 57, 58, 59, 60, 61, 62 | 63, 64, 65, 66, 67, 68, 69 | 71, 72, 73, 74, 75 | 76, 77, 78, 79, 80 | 81, 82, 83, 84 | 85, 86, 87 | 88, 89 | 90

[44] -> 0, 1, 2, 3, 4, 5, 6, 7, 8, 9, 10, 11, 12, 76 | 13, 14, 15, 16, 17, 18, 19, 20, 21, 22, 23, 24 | 25, 26, 27, 28, 29, 30, 31, 32, 33, 34, 35 | 36, 37, 38, 39, 40, 41, 42, 43, 44, 45 | 46, 47, 48, 49, 50, 51, 52, 53, 54 | 55, 56, 57, 58, 59, 60, 61, 62 | 63, 64, 65, 66, 67, 68, 69 | 70, 71, 72, 73, 74, 75 | 77, 78, 79, 80 | 81, 82, 83, 84 | 85, 86, 87 | 88, 89 | 90

[45] -> 0, 1, 2, 3, 4, 5, 6, 7, 8, 9, 10, 11, 12, 81 | 13, 14, 15, 16, 17, 18, 19, 20, 21, 22, 23, 24 | 25, 26, 27, 28, 29, 30, 31, 32, 33, 34, 35 | 36, 37, 38, 39, 40, 41, 42, 43, 44, 45 | 46, 47, 48, 49, 50, 51, 52, 53, 54 | 55, 56, 57, 58, 59, 60, 61, 62 | 63, 64, 65, 66, 67, 68, 69 | 70, 71, 72, 73, 74, 75 | 76, 77, 78, 79, 80 | 82, 83, 84 | 85, 86, 87 | 88, 89 | 90

[46] -> 0, 1, 2, 3, 4, 5, 6, 7, 8, 9, 10, 11, 12, 85 | 13, 14, 15, 16, 17, 18, 19, 20, 21, 22, 23, 24 | 25, 26, 27, 28, 29, 30, 31, 32, 33, 34, 35 | 36, 37, 38, 39, 40, 41, 42, 43, 44, 45 | 46, 47, 48, 49, 50, 51, 52, 53, 54 | 55, 56, 57, 58, 59, 60, 61, 62 | 63, 64, 65, 66, 67, 68, 69 | 70, 71, 72, 73, 74, 75 | 76, 77, 78, 79, 80 | 81, 82, 83, 84 | 86, 87 | 88, 89 | 90

[47] -> 0, 1, 2, 3, 4, 5, 6, 7, 8, 9, 10, 11, 12, 88 | 13, 14, 15, 16, 17, 18, 19, 20, 21, 22, 23, 24 | 25, 26, 27, 28, 29, 30, 31, 32, 33, 34, 35 | 36, 37, 38, 39, 40, 41, 42, 43, 44, 45 | 46, 47, 48, 49, 50, 51, 52, 53, 54 | 55, 56, 57, 58, 59, 60, 61, 62 | 63, 64, 65, 66, 67, 68, 69 | 70, 71, 72, 73, 74, 75 | 76, 77, 78, 79, 80 | 81, 82, 83, 84 | 85, 86, 87 | 89 | 90

[48] -> 0 | 1, 2, 3, 4, 5, 6, 7, 8, 9, 10, 11, 12, 13, 14, 15, 16, 17, 18, 19, 20, 21, 22, 23, 24 | 25, 26, 27, 28, 29, 30, 31, 32, 33, 34, 35 | 36, 37, 38, 39, 40, 41, 42, 43, 44, 45 | 46, 47, 48, 49, 50, 51, 52, 53, 54 | 55, 56, 57, 58, 59, 60, 61, 62 | 63, 64, 65, 66, 67, 68, 69 | 70, 71, 72, 73, 74, 75 | 76, 77, 78, 79, 80 | 81, 82, 83, 84 | 85, 86, 87 | 88, 89 | 90

[49] -> 0 | 1, 2, 3, 4, 5, 6, 7, 8, 9, 10, 11, 12, 25, 26, 27, 28, 29, 30, 31, 32, 33, 34, 35 | 13, 14, 15, 16, 17, 18, 19, 20, 21, 22, 23, 24 | 36, 37, 38, 39, 40, 41, 42, 43, 44, 45 | 46, 47, 48, 49, 50, 51, 52, 53, 54 | 55, 56, 57, 58, 59, 60, 61, 62 | 63, 64, 65, 66, 67, 68, 69 | 70, 71, 72, 73, 74, 75 | 76, 77, 78, 79, 80 | 81, 82, 83, 84 | 85, 86, 87 | 88, 89 | 90

[50] -> 0 | 1, 2, 3, 4, 5, 6, 7, 8, 9, 10, 11, 12, 36, 37, 38, 39, 40, 41, 42, 43, 44, 45 | 13, 14, 15, 16, 17, 18, 19, 20, 21, 22, 23, 24 | 25, 26, 27, 28, 29, 30, 31, 32, 33, 34, 35 | 46, 47, 48, 49, 50, 51, 52, 53, 54 | 55, 56, 57, 58, 59, 60, 61, 62 | 63, 64, 65, 66, 67, 68, 69 | 70, 71, 72, 73, 74, 75 | 76, 77, 78, 79, 80 | 81, 82, 83, 84 | 85, 86, 87 | 88, 89 | 90

[51] -> 0 | 1, 2, 3, 4, 5, 6, 7, 8, 9, 10, 11, 12, 46, 47, 48, 49, 50, 51, 52, 53, 54 | 13, 14, 15, 16, 17, 18, 19, 20, 21, 22, 23, 24 | 25, 26, 27, 28, 29, 30, 31, 32, 33, 34, 35 | 36, 37, 38, 39, 40, 41, 42, 43, 44, 45 | 55, 56, 57, 58, 59, 60, 61, 62 | 63, 64, 65, 66, 67, 68, 69 | 70, 71, 72, 73, 74, 75 | 76, 77, 78, 79, 80 | 81, 82, 83, 84 | 85, 86, 87 | 88, 89 | 90

[52] -> 0 | 1, 2, 3, 4, 5, 6, 7, 8, 9, 10, 11, 12, 55, 56, 57, 58, 59, 60, 61, 62 | 13, 14, 15, 16, 17, 18, 19, 20, 21, 22, 23, 24 | 25, 26, 27, 28, 29, 30, 31, 32, 33, 34, 35 | 36, 37, 38, 39, 40, 41, 42, 43, 44, 45 | 46, 47, 48, 49, 50, 51, 52, 53, 54 | 63, 64, 65, 66, 67, 68, 69 | 70, 71, 72, 73, 74, 75 | 76, 77, 78, 79, 80 | 81, 82, 83, 84 | 85, 86, 87 | 88, 89 | 90

[53] -> 0 | 1, 2, 3, 4, 5, 6, 7, 8, 9, 10, 11, 12, 63, 64, 65, 66, 67, 68, 69 | 13, 14, 15, 16, 17, 18, 19, 20, 21, 22, 23, 24 | 25, 26, 27, 28, 29, 30, 31, 32, 33, 34, 35 | 36, 37, 38, 39, 40, 41, 42, 43, 44, 45 | 46, 47, 48, 49, 50, 51, 52, 53, 54 | 55, 56, 57, 58, 59, 60, 61, 62 | 70, 71, 72, 73, 74, 75 | 76, 77, 78, 79, 80 | 81, 82, 83, 84 | 85, 86, 87 | 88, 89 | 90

[54] -> 0 | 1, 2, 3, 4, 5, 6, 7, 8, 9, 10, 11, 12, 70, 71, 72, 73, 74, 75 | 13, 14, 15, 16, 17, 18, 19, 20, 21, 22, 23, 24 | 25, 26, 27, 28, 29, 30, 31, 32, 33, 34, 35 | 36, 37, 38, 39, 40, 41, 42, 43, 44, 45 | 46, 47, 48, 49, 50, 51, 52, 53, 54 | 55, 56, 57, 58, 59, 60, 61, 62 | 63, 64, 65, 66, 67, 68, 69 | 76, 77, 78, 79, 80 | 81, 82, 83, 84 | 85, 86, 87 | 88, 89 | 90

[55] -> 0 | 1, 2, 3, 4, 5, 6, 7, 8, 9, 10, 11, 12, 76, 77, 78, 79, 80 | 13, 14, 15, 16, 17, 18, 19, 20, 21, 22, 23, 24 | 25, 26, 27, 28, 29, 30, 31, 32, 33, 34, 35 | 36, 37, 38, 39, 40, 41, 42, 43, 44, 45 | 46, 47, 48, 49, 50, 51, 52, 53, 54 | 55, 56, 57, 58, 59, 60, 61, 62 | 63, 64, 65, 66, 67, 68, 69 | 70, 71, 72, 73, 74, 75 | 81, 82, 83, 84 | 85, 86, 87 | 88, 89 | 90

[56] -> 0 | 1, 2, 3, 4, 5, 6, 7, 8, 9, 10, 11, 12, 81, 82, 83, 84 | 13, 14, 15, 16, 17, 18, 19, 20, 21, 22, 23, 24 | 25, 26, 27, 28, 29, 30, 31, 32, 33, 34, 35 | 36, 37, 38, 39, 40, 41, 42, 43, 44, 45 | 46, 47, 48, 49, 50, 51, 52, 53, 54 | 55, 56, 57, 58, 59, 60, 61, 62 | 63, 64, 65, 66, 67, 68, 69 | 70, 71, 72, 73, 74, 75 | 76, 77, 78, 79, 80 | 85, 86, 87 | 88, 89 | 90

[57] -> 0 | 1, 2, 3, 4, 5, 6, 7, 8, 9, 10, 11, 12, 85, 86, 87 | 13, 14, 15, 16, 17, 18, 19, 20, 21, 22, 23, 24 | 25, 26, 27, 28, 29, 30, 31, 32, 33, 34, 35 | 36, 37, 38, 39, 40, 41, 42, 43, 44, 45 | 46, 47, 48, 49, 50, 51, 52, 53, 54 | 55, 56, 57, 58, 59, 60, 61, 62 | 63, 64, 65, 66, 67, 68, 69 | 70, 71, 72, 73, 74, 75 | 76, 77, 78, 79, 80 | 81, 82, 83, 84 | 88, 89 | 90

[58] -> 0 | 1, 2, 3, 4, 5, 6, 7, 8, 9, 10, 11, 12, 88, 89 | 13, 14, 15, 16, 17, 18, 19, 20, 21, 22, 23, 24 | 25, 26, 27, 28, 29, 30, 31, 32, 33, 34, 35 | 36, 37, 38, 39, 40, 41, 42, 43, 44, 45 | 46, 47, 48, 49, 50, 51, 52, 53, 54 | 55, 56, 57, 58, 59, 60, 61, 62 | 63, 64, 65, 66, 67, 68, 69 | 70, 71, 72, 73, 74, 75 | 76, 77, 78, 79, 80 | 81, 82, 83, 84 | 85, 86, 87 | 90

[59] -> 0 | 1, 2, 3, 4, 5, 6, 7, 8, 9, 10, 11, 12, 90 | 13, 14, 15, 16, 17, 18, 19, 20, 21, 22, 23, 24 | 25, 26, 27, 28, 29, 30, 31, 32, 33, 34, 35 | 36, 37, 38, 39, 40, 41, 42, 43, 44, 45 | 46, 47, 48, 49, 50, 51, 52, 53, 54 | 55, 56, 57, 58, 59, 60, 61, 62 | 63, 64, 65, 66, 67, 68, 69 | 70, 71, 72, 73, 74, 75 | 76, 77, 78, 79, 80 | 81, 82, 83, 84 | 85, 86, 87 | 88, 89

(0) -> mat[0][1] *= -1
(1) -> mat[0][13] *= -1
(2) -> mat[13][0] *= -1
(3) -> mat[0][25] *= -1
(4) -> mat[25][0] *= -1
(5) -> mat[0][36] *= -1
(6) -> mat[36][0] *= -1
(7) -> mat[0][46] *= -1
(8) -> mat[46][0] *= -1
(9) -> mat[0][55] *= -1
(10) -> mat[55][0] *= -1
(11) -> mat[0][63] *= -1
(12) -> mat[63][0] *= -1
(13) -> mat[0][70] *= -1
(14) -> mat[70][0] *= -1
(15) -> mat[0][76] *= -1
(16) -> mat[76][0] *= -1
(17) -> mat[0][81] *= -1
(18) -> mat[81][0] *= -1
(19) -> mat[0][85] *= -1
(20) -> mat[85][0] *= -1
(21) -> mat[0][88] *= -1
(22) -> mat[88][0] *= -1
(23) -> mat[0][90] *= -1
(24) -> mat[90][0] *= -1
