[0] -> 0, 1, 2, 3, 4, 5 | 6, 7, 8, 9, 10 | 11, 12, 13, 14 | 15, 16, 17 | 18, 19 | 20

[1] -> 0 | 1, 2, 3, 4, 5 | 6, 7, 8, 9, 10 | 11, 12, 13, 14 | 15, 16, 17 | 18, 19 | 20

[2] -> 0, 1, 2, 3, 4, 5 | 6 | 7, 8, 9, 10 | 11, 12, 13, 14 | 15, 16, 17 | 18, 19 | 20

[3] -> 0, 1, 2, 3, 4, 5 | 6, 7, 8, 9, 10 | 11 | 12, 13, 14 | 15, 16, 17 | 18, 19 | 20

[4] -> 0, 1, 2, 3, 4, 5 | 6, 7, 8, 9, 10 | 11, 12, 13, 14 | 15 | 16, 17 | 18, 19 | 20

[5] -> 0, 1, 2, 3, 4, 5 | 6, 7, 8, 9, 10 | 11, 12, 13, 14 | 15, 16, 17 | 18 | 19 | 20

[6] -> 0, 1, 2, 3, 4, 5, 6, 7, 8, 9, 10 | 11, 12, 13, 14 | 15, 16, 17 | 18, 19 | 20

[7] -> 0, 1, 2, 3, 4, 5, 11, 12, 13, 14 | 6, 7, 8, 9, 10 | 15, 16, 17 | 18, 19 | 20

[8] -> 0, 1, 2, 3, 4, 5, 15, 16, 17 | 6, 7, 8, 9, 10 | 11, 12, 13, 14 | 18, 19 | 20

[9] -> 0, 1, 2, 3, 4, 5, 18, 19 | 6, 7, 8, 9, 10 | 11, 12, 13, 14 | 15, 16, 17 | 20

[10] -> 0, 1, 2, 3, 4, 5, 20 | 6, 7, 8, 9, 10 | 11, 12, 13, 14 | 15, 16, 17 | 18, 19

[11] -> 0, 6, 7, 8, 9, 10 | 1, 2, 3, 4, 5 | 11, 12, 13, 14 | 15, 16, 17 | 18, 19 | 20

[12] -> 0, 11, 12, 13, 14 | 1, 2, 3, 4, 5 | 6, 7, 8, 9, 10 | 15, 16, 17 | 18, 19 | 20

[13] -> 0, 15, 16, 17 | 1, 2, 3, 4, 5 | 6, 7, 8, 9, 10 | 11, 12, 13, 14 | 18, 19 | 20

[14] -> 0, 18, 19 | 1, 2, 3, 4, 5 | 6, 7, 8, 9, 10 | 11, 12, 13, 14 | 15, 16, 17 | 20

[15] -> 0, 20 | 1, 2, 3, 4, 5 | 6, 7, 8, 9, 10 | 11, 12, 13, 14 | 15, 16, 17 | 18, 19

[16] -> 0, 1, 2, 3, 4, 5, 6 | 7, 8, 9, 10 | 11, 12, 13, 14 | 15, 16, 17 | 18, 19 | 20

[17] -> 0, 1, 2, 3, 4, 5, 11 | 6, 7, 8, 9, 10 | 12, 13, 14 | 15, 16, 17 | 18, 19 | 20

[18] -> 0, 1, 2, 3, 4, 5, 15 | 6, 7, 8, 9, 10 | 11, 12, 13, 14 | 16, 17 | 18, 19 | 20

[19] -> 0, 1, 2, 3, 4, 5, 18 | 6, 7, 8, 9, 10 | 11, 12, 13, 14 | 15, 16, 17 | 19 | 20

(0) -> mat[0][1] *= -1
(1) -> mat[0][6] *= -1
(2) -> mat[6][0] *= -1
(3) -> mat[0][11] *= -1
(4) -> mat[11][0] *= -1
(5) -> mat[0][15] *= -1
(6) -> mat[15][0] *= -1
(7) -> mat[0][18] *= -1
(8) -> mat[18][0] *= -1
(9) -> mat[0][20] *= -1
(10) -> mat[20][0] *= -1
