[0] -> 0, 1, 2, 3 | 4, 5, 6 | 7, 8 | 9

[1] -> 0 | 1, 2, 3 | 4, 5, 6 | 7, 8 | 9

[2] -> 0, 1, 2, 3 | 4 | 5, 6 | 7, 8 | 9

[3] -> 0, 1, 2, 3 | 4, 5, 6 | 7 | 8 | 9

[4] -> 0, 1, 2, 3, 4, 5, 6 | 7, 8 | 9

[5] -> 0, 1, 2, 3, 7, 8 | 4, 5, 6 | 9

[6] -> 0, 1, 2, 3, 9 | 4, 5, 6 | 7, 8

[7] -> 0, 4, 5, 6 | 1, 2, 3 | 7, 8 | 9

[8] -> 0, 7, 8 | 1, 2, 3 | 4, 5, 6 | 9

[9] -> 0, 9 | 1, 2, 3 | 4, 5, 6 | 7, 8

[10] -> 0, 1, 2, 3, 4 | 5, 6 | 7, 8 | 9

[11] -> 0, 1, 2, 3, 7 | 4, 5, 6 | 8 | 9

[12] -> 0 | 1, 2, 3, 4, 5, 6 | 7, 8 | 9

[13] -> 0 | 1, 2, 3, 7, 8 | 4, 5, 6 | 9

[14] -> 0 | 1, 2, 3, 9 | 4, 5, 6 | 7, 8

(0) -> mat[0][1] *= -1
(1) -> mat[0][4] *= -1
(2) -> mat[4][0] *= -1
(3) -> mat[0][7] *= -1
(4) -> mat[7][0] *= -1
(5) -> mat[0][9] *= -1
(6) -> mat[9][0] *= -1
