[0] -> 0, 1, 2, 3, 4, 5, 6, 7, 8, 9, 10, 11 | 12, 13, 14, 15, 16, 17, 18, 19, 20, 21, 22 | 23, 24, 25, 26, 27, 28, 29, 30, 31, 32 | 33, 34, 35, 36, 37, 38, 39, 40, 41 | 42, 43, 44, 45, 46, 47, 48, 49 | 50, 51, 52, 53, 54, 55, 56 | 57, 58, 59, 60, 61, 62 | 63, 64, 65, 66, 67 | 68, 69, 70, 71 | 72, 73, 74 | 75, 76 | 77

[1] -> 0 | 1, 2, 3, 4, 5, 6, 7, 8, 9, 10, 11 | 12, 13, 14, 15, 16, 17, 18, 19, 20, 21, 22 | 23, 24, 25, 26, 27, 28, 29, 30, 31, 32 | 33, 34, 35, 36, 37, 38, 39, 40, 41 | 42, 43, 44, 45, 46, 47, 48, 49 | 50, 51, 52, 53, 54, 55, 56 | 57, 58, 59, 60, 61, 62 | 63, 64, 65, 66, 67 | 68, 69, 70, 71 | 72, 73, 74 | 75, 76 | 77

[2] -> 0, 1, 2, 3, 4, 5, 6, 7, 8, 9, 10, 11 | 12 | 13, 14, 15, 16, 17, 18, 19, 20, 21, 22 | 23, 24, 25, 26, 27, 28, 29, 30, 31, 32 | 33, 34, 35, 36, 37, 38, 39, 40, 41 | 42, 43, 44, 45, 46, 47, 48, 49 | 50, 51, 52, 53, 54, 55, 56 | 57, 58, 59, 60, 61, 62 | 63, 64, 65, 66, 67 | 68, 69, 70, 71 | 72, 73, 74 | 75, 76 | 77

[3] -> 0, 1, 2, 3, 4, 5, 6, 7, 8, 9, 10, 11 | 12, 13, 14, 15, 16, 17, 18, 19, 20, 21, 22 | 23 | 24, 25, 26, 27, 28, 29, 30, 31, 32 | 33, 34, 35, 36, 37, 38, 39, 40, 41 | 42, 43, 44, 45, 46, 47, 48, 49 | 50, 51, 52, 53, 54, 55, 56 | 57, 58, 59, 60, 61, 62 | 63, 64, 65, 66, 67 | 68, 69, 70, 71 | 72, 73, 74 | 75, 76 | 77

[4] -> 0, 1, 2, 3, 4, 5, 6, 7, 8, 9, 10, 11 | 12, 13, 14, 15, 16, 17, 18, 19, 20, 21, 22 | 23, 24, 25, 26, 27, 28, 29, 30, 31, 32 | 33 | 34, 35, 36, 37, 38, 39, 40, 41 | 42, 43, 44, 45, 46, 47, 48, 49 | 50, 51, 52, 53, 54, 55, 56 | 57, 58, 59, 60, 61, 62 | 63, 64, 65, 66, 67 | 68, 69, 70, 71 | 72, 73, 74 | 75, 76 | 77

[5] -> 0, 1, 2, 3, 4, 5, 6, 7, 8, 9, 10, 11 | 12, 13, 14, 15, 16, 17, 18, 19, 20, 21, 22 | 23, 24, 25, 26, 27, 28, 29, 30, 31, 32 | 33, 34, 35, 36, 37, 38, 39, 40, 41 | 42 | 43, 44, 45, 46, 47, 48, 49 | 50, 51, 52, 53, 54, 55, 56 | 57, 58, 59, 60, 61, 62 | 63, 64, 65, 66, 67 | 68, 69, 70, 71 | 72, 73, 74 | 75, 76 | 77

[6] -> 0, 1, 2, 3, 4, 5, 6, 7, 8, 9, 10, 11 | 12, 13, 14, 15, 16, 17, 18, 19, 20, 21, 22 | 23, 24, 25, 26, 27, 28, 29, 30, 31, 32 | 33, 34, 35, 36, 37, 38, 39, 40, 41 | 42, 43, 44, 45, 46, 47, 48, 49 | 50 | 51, 52, 53, 54, 55, 56 | 57, 58, 59, 60, 61, 62 | 63, 64, 65, 66, 67 | 68, 69, 70, 71 | 72, 73, 74 | 75, 76 | 77

[7] -> 0, 1, 2, 3, 4, 5, 6, 7, 8, 9, 10, 11 | 12, 13, 14, 15, 16, 17, 18, 19, 20, 21, 22 | 23, 24, 25, 26, 27, 28, 29, 30, 31, 32 | 33, 34, 35, 36, 37, 38, 39, 40, 41 | 42, 43, 44, 45, 46, 47, 48, 49 | 50, 51, 52, 53, 54, 55, 56 | 57 | 58, 59, 60, 61, 62 | 63, 64, 65, 66, 67 | 68, 69, 70, 71 | 72, 73, 74 | 75, 76 | 77

[8] -> 0, 1, 2, 3, 4, 5, 6, 7, 8, 9, 10, 11 | 12, 13, 14, 15, 16, 17, 18, 19, 20, 21, 22 | 23, 24, 25, 26, 27, 28, 29, 30, 31, 32 | 33, 34, 35, 36, 37, 38, 39, 40, 41 | 42, 43, 44, 45, 46, 47, 48, 49 | 50, 51, 52, 53, 54, 55, 56 | 57, 58, 59, 60, 61, 62 | 63 | 64, 65, 66, 67 | 68, 69, 70, 71 | 72, 73, 74 | 75, 76 | 77

[9] -> 0, 1, 2, 3, 4, 5, 6, 7, 8, 9, 10, 11 | 12, 13, 14, 15, 16, 17, 18, 19, 20, 21, 22 | 23, 24, 25, 26, 27, 28, 29, 30, 31, 32 | 33, 34, 35, 36, 37, 38, 39, 40, 41 | 42, 43, 44, 45, 46, 47, 48, 49 | 50, 51, 52, 53, 54, 55, 56 | 57, 58, 59, 60, 61, 62 | 63, 64, 65, 66, 67 | 68 | 69, 70, 71 | 72, 73, 74 | 75, 76 | 77

[10] -> 0, 1, 2, 3, 4, 5, 6, 7, 8, 9, 10, 11 | 12, 13, 14, 15, 16, 17, 18, 19, 20, 21, 22 | 23, 24, 25, 26, 27, 28, 29, 30, 31, 32 | 33, 34, 35, 36, 37, 38, 39, 40, 41 | 42, 43, 44, 45, 46, 47, 48, 49 | 50, 51, 52, 53, 54, 55, 56 | 57, 58, 59, 60, 61, 62 | 63, 64, 65, 66, 67 | 68, 69, 70, 71 | 72 | 73, 74 | 75, 76 | 77

[11] -> 0, 1, 2, 3, 4, 5, 6, 7, 8, 9, 10, 11 | 12, 13, 14, 15, 16, 17, 18, 19, 20, 21, 22 | 23, 24, 25, 26, 27, 28, 29, 30, 31, 32 | 33, 34, 35, 36, 37, 38, 39, 40, 41 | 42, 43, 44, 45, 46, 47, 48, 49 | 50, 51, 52, 53, 54, 55, 56 | 57, 58, 59, 60, 61, 62 | 63, 64, 65, 66, 67 | 68, 69, 70, 71 | 72, 73, 74 | 75 | 76 | 77

[12] -> 0, 1, 2, 3, 4, 5, 6, 7, 8, 9, 10, 11, 12, 13, 14, 15, 16, 17, 18, 19, 20, 21, 22 | 23, 24, 25, 26, 27, 28, 29, 30, 31, 32 | 33, 34, 35, 36, 37, 38, 39, 40, 41 | 42, 43, 44, 45, 46, 47, 48, 49 | 50, 51, 52, 53, 54, 55, 56 | 57, 58, 59, 60, 61, 62 | 63, 64, 65, 66, 67 | 68, 69, 70, 71 | 72, 73, 74 | 75, 76 | 77

[13] -> 0, 1, 2, 3, 4, 5, 6, 7, 8, 9, 10, 11, 23, 24, 25, 26, 27, 28, 29, 30, 31, 32 | 12, 13, 14, 15, 16, 17, 18, 19, 20, 21, 22 | 33, 34, 35, 36, 37, 38, 39, 40, 41 | 42, 43, 44, 45, 46, 47, 48, 49 | 50, 51, 52, 53, 54, 55, 56 | 57, 58, 59, 60, 61, 62 | 63, 64, 65, 66, 67 | 68, 69, 70, 71 | 72, 73, 74 | 75, 76 | 77

[14] -> 0, 1, 2, 3, 4, 5, 6, 7, 8, 9, 10, 11, 33, 34, 35, 36, 37, 38, 39, 40, 41 | 12, 13, 14, 15, 16, 17, 18, 19, 20, 21, 22 | 23, 24, 25, 26, 27, 28, 29, 30, 31, 32 | 42, 43, 44, 45, 46, 47, 48, 49 | 50, 51, 52, 53, 54, 55, 56 | 57, 58, 59, 60, 61, 62 | 63, 64, 65, 66, 67 | 68, 69, 70, 71 | 72, 73, 74 | 75, 76 | 77

[15] -> 0, 1, 2, 3, 4, 5, 6, 7, 8, 9, 10, 11, 42, 43, 44, 45, 46, 47, 48, 49 | 12, 13, 14, 15, 16, 17, 18, 19, 20, 21, 22 | 23, 24, 25, 26, 27, 28, 29, 30, 31, 32 | 33, 34, 35, 36, 37, 38, 39, 40, 41 | 50, 51, 52, 53, 54, 55, 56 | 57, 58, 59, 60, 61, 62 | 63, 64, 65, 66, 67 | 68, 69, 70, 71 | 72, 73, 74 | 75, 76 | 77

[16] -> 0, 1, 2, 3, 4, 5, 6, 7, 8, 9, 10, 11, 50, 51, 52, 53, 54, 55, 56 | 12, 13, 14, 15, 16, 17, 18, 19, 20, 21, 22 | 23, 24, 25, 26, 27, 28, 29, 30, 31, 32 | 33, 34, 35, 36, 37, 38, 39, 40, 41 | 42, 43, 44, 45, 46, 47, 48, 49 | 57, 58, 59, 60, 61, 62 | 63, 64, 65, 66, 67 | 68, 69, 70, 71 | 72, 73, 74 | 75, 76 | 77

[17] -> 0, 1, 2, 3, 4, 5, 6, 7, 8, 9, 10, 11, 57, 58, 59, 60, 61, 62 | 12, 13, 14, 15, 16, 17, 18, 19, 20, 21, 22 | 23, 24, 25, 26, 27, 28, 29, 30, 31, 32 | 33, 34, 35, 36, 37, 38, 39, 40, 41 | 42, 43, 44, 45, 46, 47, 48, 49 | 50, 51, 52, 53, 54, 55, 56 | 63, 64, 65, 66, 67 | 68, 69, 70, 71 | 72, 73, 74 | 75, 76 | 77

[18] -> 0, 1, 2, 3, 4, 5, 6, 7, 8, 9, 10, 11, 63, 64, 65, 66, 67 | 12, 13, 14, 15, 16, 17, 18, 19, 20, 21, 22 | 23, 24, 25, 26, 27, 28, 29, 30, 31, 32 | 33, 34, 35, 36, 37, 38, 39, 40, 41 | 42, 43, 44, 45, 46, 47, 48, 49 | 50, 51, 52, 53, 54, 55, 56 | 57, 58, 59, 60, 61, 62 | 68, 69, 70, 71 | 72, 73, 74 | 75, 76 | 77

[19] -> 0, 1, 2, 3, 4, 5, 6, 7, 8, 9, 10, 11, 68, 69, 70, 71 | 12, 13, 14, 15, 16, 17, 18, 19, 20, 21, 22 | 23, 24, 25, 26, 27, 28, 29, 30, 31, 32 | 33, 34, 35, 36, 37, 38, 39, 40, 41 | 42, 43, 44, 45, 46, 47, 48, 49 | 50, 51, 52, 53, 54, 55, 56 | 57, 58, 59, 60, 61, 62 | 63, 64, 65, 66, 67 | 72, 73, 74 | 75, 76 | 77

[20] -> 0, 1, 2, 3, 4, 5, 6, 7, 8, 9, 10, 11, 72, 73, 74 | 12, 13, 14, 15, 16, 17, 18, 19, 20, 21, 22 | 23, 24, 25, 26, 27, 28, 29, 30, 31, 32 | 33, 34, 35, 36, 37, 38, 39, 40, 41 | 42, 43, 44, 45, 46, 47, 48, 49 | 50, 51, 52, 53, 54, 55, 56 | 57, 58, 59, 60, 61, 62 | 63, 64, 65, 66, 67 | 68, 69, 70, 71 | 75, 76 | 77

[21] -> 0, 1, 2, 3, 4, 5, 6, 7, 8, 9, 10, 11, 75, 76 | 12, 13, 14, 15, 16, 17, 18, 19, 20, 21, 22 | 23, 24, 25, 26, 27, 28, 29, 30, 31, 32 | 33, 34, 35, 36, 37, 38, 39, 40, 41 | 42, 43, 44, 45, 46, 47, 48, 49 | 50, 51, 52, 53, 54, 55, 56 | 57, 58, 59, 60, 61, 62 | 63, 64, 65, 66, 67 | 68, 69, 70, 71 | 72, 73, 74 | 77

[22] -> 0, 1, 2, 3, 4, 5, 6, 7, 8, 9, 10, 11, 77 | 12, 13, 14, 15, 16, 17, 18, 19, 20, 21, 22 | 23, 24, 25, 26, 27, 28, 29, 30, 31, 32 | 33, 34, 35, 36, 37, 38, 39, 40, 41 | 42, 43, 44, 45, 46, 47, 48, 49 | 50, 51, 52, 53, 54, 55, 56 | 57, 58, 59, 60, 61, 62 | 63, 64, 65, 66, 67 | 68, 69, 70, 71 | 72, 73, 74 | 75, 76

[23] -> 0, 12, 13, 14, 15, 16, 17, 18, 19, 20, 21, 22 | 1, 2, 3, 4, 5, 6, 7, 8, 9, 10, 11 | 23, 24, 25, 26, 27, 28, 29, 30, 31, 32 | 33, 34, 35, 36, 37, 38, 39, 40, 41 | 42, 43, 44, 45, 46, 47, 48, 49 | 50, 51, 52, 53, 54, 55, 56 | 57, 58, 59, 60, 61, 62 | 63, 64, 65, 66, 67 | 68, 69, 70, 71 | 72, 73, 74 | 75, 76 | 77

[24] -> 0, 23, 24, 25, 26, 27, 28, 29, 30, 31, 32 | 1, 2, 3, 4, 5, 6, 7, 8, 9, 10, 11 | 12, 13, 14, 15, 16, 17, 18, 19, 20, 21, 22 | 33, 34, 35, 36, 37, 38, 39, 40, 41 | 42, 43, 44, 45, 46, 47, 48, 49 | 50, 51, 52, 53, 54, 55, 56 | 57, 58, 59, 60, 61, 62 | 63, 64, 65, 66, 67 | 68, 69, 70, 71 | 72, 73, 74 | 75, 76 | 77

[25] -> 0, 33, 34, 35, 36, 37, 38, 39, 40, 41 | 1, 2, 3, 4, 5, 6, 7, 8, 9, 10, 11 | 12, 13, 14, 15, 16, 17, 18, 19, 20, 21, 22 | 23, 24, 25, 26, 27, 28, 29, 30, 31, 32 | 42, 43, 44, 45, 46, 47, 48, 49 | 50, 51, 52, 53, 54, 55, 56 | 57, 58, 59, 60, 61, 62 | 63, 64, 65, 66, 67 | 68, 69, 70, 71 | 72, 73, 74 | 75, 76 | 77

[26] -> 0, 42, 43, 44, 45, 46, 47, 48, 49 | 1, 2, 3, 4, 5, 6, 7, 8, 9, 10, 11 | 12, 13, 14, 15, 16, 17, 18, 19, 20, 21, 22 | 23, 24, 25, 26, 27, 28, 29, 30, 31, 32 | 33, 34, 35, 36, 37, 38, 39, 40, 41 | 50, 51, 52, 53, 54, 55, 56 | 57, 58, 59, 60, 61, 62 | 63, 64, 65, 66, 67 | 68, 69, 70, 71 | 72, 73, 74 | 75, 76 | 77

[27] -> 0, 50, 51, 52, 53, 54, 55, 56 | 1, 2, 3, 4, 5, 6, 7, 8, 9, 10, 11 | 12, 13, 14, 15, 16, 17, 18, 19, 20, 21, 22 | 23, 24, 25, 26, 27, 28, 29, 30, 31, 32 | 33, 34, 35, 36, 37, 38, 39, 40, 41 | 42, 43, 44, 45, 46, 47, 48, 49 | 57, 58, 59, 60, 61, 62 | 63, 64, 65, 66, 67 | 68, 69, 70, 71 | 72, 73, 74 | 75, 76 | 77

[28] -> 0, 57, 58, 59, 60, 61, 62 | 1, 2, 3, 4, 5, 6, 7, 8, 9, 10, 11 | 12, 13, 14, 15, 16, 17, 18, 19, 20, 21, 22 | 23, 24, 25, 26, 27, 28, 29, 30, 31, 32 | 33, 34, 35, 36, 37, 38, 39, 40, 41 | 42, 43, 44, 45, 46, 47, 48, 49 | 50, 51, 52, 53, 54, 55, 56 | 63, 64, 65, 66, 67 | 68, 69, 70, 71 | 72, 73, 74 | 75, 76 | 77

[29] -> 0, 63, 64, 65, 66, 67 | 1, 2, 3, 4, 5, 6, 7, 8, 9, 10, 11 | 12, 13, 14, 15, 16, 17, 18, 19, 20, 21, 22 | 23, 24, 25, 26, 27, 28, 29, 30, 31, 32 | 33, 34, 35, 36, 37, 38, 39, 40, 41 | 42, 43, 44, 45, 46, 47, 48, 49 | 50, 51, 52, 53, 54, 55, 56 | 57, 58, 59, 60, 61, 62 | 68, 69, 70, 71 | 72, 73, 74 | 75, 76 | 77

[30] -> 0, 68, 69, 70, 71 | 1, 2, 3, 4, 5, 6, 7, 8, 9, 10, 11 | 12, 13, 14, 15, 16, 17, 18, 19, 20, 21, 22 | 23, 24, 25, 26, 27, 28, 29, 30, 31, 32 | 33, 34, 35, 36, 37, 38, 39, 40, 41 | 42, 43, 44, 45, 46, 47, 48, 49 | 50, 51, 52, 53, 54, 55, 56 | 57, 58, 59, 60, 61, 62 | 63, 64, 65, 66, 67 | 72, 73, 74 | 75, 76 | 77

[31] -> 0, 72, 73, 74 | 1, 2, 3, 4, 5, 6, 7, 8, 9, 10, 11 | 12, 13, 14, 15, 16, 17, 18, 19, 20, 21, 22 | 23, 24, 25, 26, 27, 28, 29, 30, 31, 32 | 33, 34, 35, 36, 37, 38, 39, 40, 41 | 42, 43, 44, 45, 46, 47, 48, 49 | 50, 51, 52, 53, 54, 55, 56 | 57, 58, 59, 60, 61, 62 | 63, 64, 65, 66, 67 | 68, 69, 70, 71 | 75, 76 | 77

[32] -> 0, 75, 76 | 1, 2, 3, 4, 5, 6, 7, 8, 9, 10, 11 | 12, 13, 14, 15, 16, 17, 18, 19, 20, 21, 22 | 23, 24, 25, 26, 27, 28, 29, 30, 31, 32 | 33, 34, 35, 36, 37, 38, 39, 40, 41 | 42, 43, 44, 45, 46, 47, 48, 49 | 50, 51, 52, 53, 54, 55, 56 | 57, 58, 59, 60, 61, 62 | 63, 64, 65, 66, 67 | 68, 69, 70, 71 | 72, 73, 74 | 77

[33] -> 0, 77 | 1, 2, 3, 4, 5, 6, 7, 8, 9, 10, 11 | 12, 13, 14, 15, 16, 17, 18, 19, 20, 21, 22 | 23, 24, 25, 26, 27, 28, 29, 30, 31, 32 | 33, 34, 35, 36, 37, 38, 39, 40, 41 | 42, 43, 44, 45, 46, 47, 48, 49 | 50, 51, 52, 53, 54, 55, 56 | 57, 58, 59, 60, 61, 62 | 63, 64, 65, 66, 67 | 68, 69, 70, 71 | 72, 73, 74 | 75, 76

[34] -> 0, 1, 2, 3, 4, 5, 6, 7, 8, 9, 10, 11, 12 | 13, 14, 15, 16, 17, 18, 19, 20, 21, 22 | 23, 24, 25, 26, 27, 28, 29, 30, 31, 32 | 33, 34, 35, 36, 37, 38, 39, 40, 41 | 42, 43, 44, 45, 46, 47, 48, 49 | 50, 51, 52, 53, 54, 55, 56 | 57, 58, 59, 60, 61, 62 | 63, 64, 65, 66, 67 | 68, 69, 70, 71 | 72, 73, 74 | 75, 76 | 77

[35] -> 0, 1, 2, 3, 4, 5, 6, 7, 8, 9, 10, 11, 23 | 12, 13, 14, 15, 16, 17, 18, 19, 20, 21, 22 | 24, 25, 26, 27, 28, 29, 30, 31, 32 | 33, 34, 35, 36, 37, 38, 39, 40, 41 | 42, 43, 44, 45, 46, 47, 48, 49 | 50, 51, 52, 53, 54, 55, 56 | 57, 58, 59, 60, 61, 62 | 63, 64, 65, 66, 67 | 68, 69, 70, 71 | 72, 73, 74 | 75, 76 | 77

[36] -> 0, 1, 2, 3, 4, 5, 6, 7, 8, 9, 10, 11, 33 | 12, 13, 14, 15, 16, 17, 18, 19, 20, 21, 22 | 23, 24, 25, 26, 27, 28, 29, 30, 31, 32 | 34, 35, 36, 37, 38, 39, 40, 41 | 42, 43, 44, 45, 46, 47, 48, 49 | 50, 51, 52, 53, 54, 55, 56 | 57, 58, 59, 60, 61, 62 | 63, 64, 65, 66, 67 | 68, 69, 70, 71 | 72, 73, 74 | 75, 76 | 77

[37] -> 0, 1, 2, 3, 4, 5, 6, 7, 8, 9, 10, 11, 42 | 12, 13, 14, 15, 16, 17, 18, 19, 20, 21, 22 | 23, 24, 25, 26, 27, 28, 29, 30, 31, 32 | 33, 34, 35, 36, 37, 38, 39, 40, 41 | 43, 44, 45, 46, 47, 48, 49 | 50, 51, 52, 53, 54, 55, 56 | 57, 58, 59, 60, 61, 62 | 63, 64, 65, 66, 67 | 68, 69, 70, 71 | 72, 73, 74 | 75, 76 | 77

[38] -> 0, 1, 2, 3, 4, 5, 6, 7, 8, 9, 10, 11, 50 | 12, 13, 14, 15, 16, 17, 18, 19, 20, 21, 22 | 23, 24, 25, 26, 27, 28, 29, 30, 31, 32 | 33, 34, 35, 36, 37, 38, 39, 40, 41 | 42, 43, 44, 45, 46, 47, 48, 49 | 51, 52, 53, 54, 55, 56 | 57, 58, 59, 60, 61, 62 | 63, 64, 65, 66, 67 | 68, 69, 70, 71 | 72, 73, 74 | 75, 76 | 77

[39] -> 0, 1, 2, 3, 4, 5, 6, 7, 8, 9, 10, 11, 57 | 12, 13, 14, 15, 16, 17, 18, 19, 20, 21, 22 | 23, 24, 25, 26, 27, 28, 29, 30, 31, 32 | 33, 34, 35, 36, 37, 38, 39, 40, 41 | 42, 43, 44, 45, 46, 47, 48, 49 | 50, 51, 52, 53, 54, 55, 56 | 58, 59, 60, 61, 62 | 63, 64, 65, 66, 67 | 68, 69, 70, 71 | 72, 73, 74 | 75, 76 | 77

[40] -> 0, 1, 2, 3, 4, 5, 6, 7, 8, 9, 10, 11, 63 | 12, 13, 14, 15, 16, 17, 18, 19, 20, 21, 22 | 23, 24, 25, 26, 27, 28, 29, 30, 31, 32 | 33, 34, 35, 36, 37, 38, 39, 40, 41 | 42, 43, 44, 45, 46, 47, 48, 49 | 50, 51, 52, 53, 54, 55, 56 | 57, 58, 59, 60, 61, 62 | 64, 65, 66, 67 | 68, 69, 70, 71 | 72, 73, 74 | 75, 76 | 77

[41] -> 0, 1, 2, 3, 4, 5, 6, 7, 8, 9, 10, 11, 68 | 12, 13, 14, 15, 16, 17, 18, 19, 20, 21, 22 | 23, 24, 25, 26, 27, 28, 29, 30, 31, 32 | 33, 34, 35, 36, 37, 38, 39, 40, 41 | 42, 43, 44, 45, 46, 47, 48, 49 | 50, 51, 52, 53, 54, 55, 56 | 57, 58, 59, 60, 61, 62 | 63, 64, 65, 66, 67 | 69, 70, 71 | 72, 73, 74 | 75, 76 | 77

[42] -> 0, 1, 2, 3, 4, 5, 6, 7, 8, 9, 10, 11, 72 | 12, 13, 14, 15, 16, 17, 18, 19, 20, 21, 22 | 23, 24, 25, 26, 27, 28, 29, 30, 31, 32 | 33, 34, 35, 36, 37, 38, 39, 40, 41 | 42, 43, 44, 45, 46, 47, 48, 49 | 50, 51, 52, 53, 54, 55, 56 | 57, 58, 59, 60, 61, 62 | 63, 64, 65, 66, 67 | 68, 69, 70, 71 | 73, 74 | 75, 76 | 77

[43] -> 0, 1, 2, 3, 4, 5, 6, 7, 8, 9, 10, 11, 75 | 12, 13, 14, 15, 16, 17, 18, 19, 20, 21, 22 | 23, 24, 25, 26, 27, 28, 29, 30, 31, 32 | 33, 34, 35, 36, 37, 38, 39, 40, 41 | 42, 43, 44, 45, 46, 47, 48, 49 | 50, 51, 52, 53, 54, 55, 56 | 57, 58, 59, 60, 61, 62 | 63, 64, 65, 66, 67 | 68, 69, 70, 71 | 72, 73, 74 | 76 | 77

[44] -> 0 | 1, 2, 3, 4, 5, 6, 7, 8, 9, 10, 11, 12, 13, 14, 15, 16, 17, 18, 19, 20, 21, 22 | 23, 24, 25, 26, 27, 28, 29, 30, 31, 32 | 33, 34, 35, 36, 37, 38, 39, 40, 41 | 42, 43, 44, 45, 46, 47, 48, 49 | 50, 51, 52, 53, 54, 55, 56 | 57, 58, 59, 60, 61, 62 | 63, 64, 65, 66, 67 | 68, 69, 70, 71 | 72, 73, 74 | 75, 76 | 77

[45] -> 0 | 1, 2, 3, 4, 5, 6, 7, 8, 9, 10, 11, 23, 24, 25, 26, 27, 28, 29, 30, 31, 32 | 12, 13, 14, 15, 16, 17, 18, 19, 20, 21, 22 | 33, 34, 35, 36, 37, 38, 39, 40, 41 | 42, 43, 44, 45, 46, 47, 48, 49 | 50, 51, 52, 53, 54, 55, 56 | 57, 58, 59, 60, 61, 62 | 63, 64, 65, 66, 67 | 68, 69, 70, 71 | 72, 73, 74 | 75, 76 | 77

[46] -> 0 | 1, 2, 3, 4, 5, 6, 7, 8, 9, 10, 11, 33, 34, 35, 36, 37, 38, 39, 40, 41 | 12, 13, 14, 15, 16, 17, 18, 19, 20, 21, 22 | 23, 24, 25, 26, 27, 28, 29, 30, 31, 32 | 42, 43, 44, 45, 46, 47, 48, 49 | 50, 51, 52, 53, 54, 55, 56 | 57, 58, 59, 60, 61, 62 | 63, 64, 65, 66, 67 | 68, 69, 70, 71 | 72, 73, 74 | 75, 76 | 77

[47] -> 0 | 1, 2, 3, 4, 5, 6, 7, 8, 9, 10, 11, 42, 43, 44, 45, 46, 47, 48, 49 | 12, 13, 14, 15, 16, 17, 18, 19, 20, 21, 22 | 23, 24, 25, 26, 27, 28, 29, 30, 31, 32 | 33, 34, 35, 36, 37, 38, 39, 40, 41 | 50, 51, 52, 53, 54, 55, 56 | 57, 58, 59, 60, 61, 62 | 63, 64, 65, 66, 67 | 68, 69, 70, 71 | 72, 73, 74 | 75, 76 | 77

[48] -> 0 | 1, 2, 3, 4, 5, 6, 7, 8, 9, 10, 11, 50, 51, 52, 53, 54, 55, 56 | 12, 13, 14, 15, 16, 17, 18, 19, 20, 21, 22 | 23, 24, 25, 26, 27, 28, 29, 30, 31, 32 | 33, 34, 35, 36, 37, 38, 39, 40, 41 | 42, 43, 44, 45, 46, 47, 48, 49 | 57, 58, 59, 60, 61, 62 | 63, 64, 65, 66, 67 | 68, 69, 70, 71 | 72, 73, 74 | 75, 76 | 77

[49] -> 0 | 1, 2, 3, 4, 5, 6, 7, 8, 9, 10, 11, 57, 58, 59, 60, 61, 62 | 12, 13, 14, 15, 16, 17, 18, 19, 20, 21, 22 | 23, 24, 25, 26, 27, 28, 29, 30, 31, 32 | 33, 34, 35, 36, 37, 38, 39, 40, 41 | 42, 43, 44, 45, 46, 47, 48, 49 | 50, 51, 52, 53, 54, 55, 56 | 63, 64, 65, 66, 67 | 68, 69, 70, 71 | 72, 73, 74 | 75, 76 | 77

[50] -> 0 | 1, 2, 3, 4, 5, 6, 7, 8, 9, 10, 11, 63, 64, 65, 66, 67 | 12, 13, 14, 15, 16, 17, 18, 19, 20, 21, 22 | 23, 24, 25, 26, 27, 28, 29, 30, 31, 32 | 33, 34, 35, 36, 37, 38, 39, 40, 41 | 42, 43, 44, 45, 46, 47, 48, 49 | 50, 51, 52, 53, 54, 55, 56 | 57, 58, 59, 60, 61, 62 | 68, 69, 70, 71 | 72, 73, 74 | 75, 76 | 77

[51] -> 0 | 1, 2, 3, 4, 5, 6, 7, 8, 9, 10, 11, 68, 69, 70, 71 | 12, 13, 14, 15, 16, 17, 18, 19, 20, 21, 22 | 23, 24, 25, 26, 27, 28, 29, 30, 31, 32 | 33, 34, 35, 36, 37, 38, 39, 40, 41 | 42, 43, 44, 45, 46, 47, 48, 49 | 50, 51, 52, 53, 54, 55, 56 | 57, 58, 59, 60, 61, 62 | 63, 64, 65, 66, 67 | 72, 73, 74 | 75, 76 | 77

[52] -> 0 | 1, 2, 3, 4, 5, 6, 7, 8, 9, 10, 11, 72, 73, 74 | 12, 13, 14, 15, 16, 17, 18, 19, 20, 21, 22 | 23, 24, 25, 26, 27, 28, 29, 30, 31, 32 | 33, 34, 35, 36, 37, 38, 39, 40, 41 | 42, 43, 44, 45, 46, 47, 48, 49 | 50, 51, 52, 53, 54, 55, 56 | 57, 58, 59, 60, 61, 62 | 63, 64, 65, 66, 67 | 68, 69, 70, 71 | 75, 76 | 77

[53] -> 0 | 1, 2, 3, 4, 5, 6, 7, 8, 9, 10, 11, 75, 76 | 12, 13, 14, 15, 16, 17, 18, 19, 20, 21, 22 | 23, 24, 25, 26, 27, 28, 29, 30, 31, 32 | 33, 34, 35, 36, 37, 38, 39, 40, 41 | 42, 43, 44, 45, 46, 47, 48, 49 | 50, 51, 52, 53, 54, 55, 56 | 57, 58, 59, 60, 61, 62 | 63, 64, 65, 66, 67 | 68, 69, 70, 71 | 72, 73, 74 | 77

[54] -> 0 | 1, 2, 3, 4, 5, 6, 7, 8, 9, 10, 11, 77 | 12, 13, 14, 15, 16, 17, 18, 19, 20, 21, 22 | 23, 24, 25, 26, 27, 28, 29, 30, 31, 32 | 33, 34, 35, 36, 37, 38, 39, 40, 41 | 42, 43, 44, 45, 46, 47, 48, 49 | 50, 51, 52, 53, 54, 55, 56 | 57, 58, 59, 60, 61, 62 | 63, 64, 65, 66, 67 | 68, 69, 70, 71 | 72, 73, 74 | 75, 76

(0) -> mat[0][1] *= -1
(1) -> mat[0][12] *= -1
(2) -> mat[12][0] *= -1
(3) -> mat[0][23] *= -1
(4) -> mat[23][0] *= -1
(5) -> mat[0][33] *= -1
(6) -> mat[33][0] *= -1
(7) -> mat[0][42] *= -1
(8) -> mat[42][0] *= -1
(9) -> mat[0][50] *= -1
(10) -> mat[50][0] *= -1
(11) -> mat[0][57] *= -1
(12) -> mat[57][0] *= -1
(13) -> mat[0][63] *= -1
(14) -> mat[63][0] *= -1
(15) -> mat[0][68] *= -1
(16) -> mat[68][0] *= -1
(17) -> mat[0][72] *= -1
(18) -> mat[72][0] *= -1
(19) -> mat[0][75] *= -1
(20) -> mat[75][0] *= -1
(21) -> mat[0][77] *= -1
(22) -> mat[77][0] *= -1
