[0] -> 0, 1, 2, 3, 4, 5, 6, 7, 8 | 9, 10, 11, 12, 13, 14, 15, 16 | 17, 18, 19, 20, 21, 22, 23 | 24, 25, 26, 27, 28, 29 | 30, 31, 32, 33, 34 | 35, 36, 37, 38 | 39, 40, 41 | 42, 43 | 44

[1] -> 0 | 1, 2, 3, 4, 5, 6, 7, 8 | 9, 10, 11, 12, 13, 14, 15, 16 | 17, 18, 19, 20, 21, 22, 23 | 24, 25, 26, 27, 28, 29 | 30, 31, 32, 33, 34 | 35, 36, 37, 38 | 39, 40, 41 | 42, 43 | 44

[2] -> 0, 1, 2, 3, 4, 5, 6, 7, 8 | 9 | 10, 11, 12, 13, 14, 15, 16 | 17, 18, 19, 20, 21, 22, 23 | 24, 25, 26, 27, 28, 29 | 30, 31, 32, 33, 34 | 35, 36, 37, 38 | 39, 40, 41 | 42, 43 | 44

[3] -> 0, 1, 2, 3, 4, 5, 6, 7, 8 | 9, 10, 11, 12, 13, 14, 15, 16 | 17 | 18, 19, 20, 21, 22, 23 | 24, 25, 26, 27, 28, 29 | 30, 31, 32, 33, 34 | 35, 36, 37, 38 | 39, 40, 41 | 42, 43 | 44

[4] -> 0, 1, 2, 3, 4, 5, 6, 7, 8 | 9, 10, 11, 12, 13, 14, 15, 16 | 17, 18, 19, 20, 21, 22, 23 | 24 | 25, 26, 27, 28, 29 | 30, 31, 32, 33, 34 | 35, 36, 37, 38 | 39, 40, 41 | 42, 43 | 44

[5] -> 0, 1, 2, 3, 4, 5, 6, 7, 8 | 9, 10, 11, 12, 13, 14, 15, 16 | 17, 18, 19, 20, 21, 22, 23 | 24, 25, 26, 27, 28, 29 | 30 | 31, 32, 33, 34 | 35, 36, 37, 38 | 39, 40, 41 | 42, 43 | 44

[6] -> 0, 1, 2, 3, 4, 5, 6, 7, 8 | 9, 10, 11, 12, 13, 14, 15, 16 | 17, 18, 19, 20, 21, 22, 23 | 24, 25, 26, 27, 28, 29 | 30, 31, 32, 33, 34 | 35 | 36, 37, 38 | 39, 40, 41 | 42, 43 | 44

[7] -> 0, 1, 2, 3, 4, 5, 6, 7, 8 | 9, 10, 11, 12, 13, 14, 15, 16 | 17, 18, 19, 20, 21, 22, 23 | 24, 25, 26, 27, 28, 29 | 30, 31, 32, 33, 34 | 35, 36, 37, 38 | 39 | 40, 41 | 42, 43 | 44

[8] -> 0, 1, 2, 3, 4, 5, 6, 7, 8 | 9, 10, 11, 12, 13, 14, 15, 16 | 17, 18, 19, 20, 21, 22, 23 | 24, 25, 26, 27, 28, 29 | 30, 31, 32, 33, 34 | 35, 36, 37, 38 | 39, 40, 41 | 42 | 43 | 44

[9] -> 0, 1, 2, 3, 4, 5, 6, 7, 8, 9, 10, 11, 12, 13, 14, 15, 16 | 17, 18, 19, 20, 21, 22, 23 | 24, 25, 26, 27, 28, 29 | 30, 31, 32, 33, 34 | 35, 36, 37, 38 | 39, 40, 41 | 42, 43 | 44

[10] -> 0, 1, 2, 3, 4, 5, 6, 7, 8, 17, 18, 19, 20, 21, 22, 23 | 9, 10, 11, 12, 13, 14, 15, 16 | 24, 25, 26, 27, 28, 29 | 30, 31, 32, 33, 34 | 35, 36, 37, 38 | 39, 40, 41 | 42, 43 | 44

[11] -> 0, 1, 2, 3, 4, 5, 6, 7, 8, 24, 25, 26, 27, 28, 29 | 9, 10, 11, 12, 13, 14, 15, 16 | 17, 18, 19, 20, 21, 22, 23 | 30, 31, 32, 33, 34 | 35, 36, 37, 38 | 39, 40, 41 | 42, 43 | 44

[12] -> 0, 1, 2, 3, 4, 5, 6, 7, 8, 30, 31, 32, 33, 34 | 9, 10, 11, 12, 13, 14, 15, 16 | 17, 18, 19, 20, 21, 22, 23 | 24, 25, 26, 27, 28, 29 | 35, 36, 37, 38 | 39, 40, 41 | 42, 43 | 44

[13] -> 0, 1, 2, 3, 4, 5, 6, 7, 8, 35, 36, 37, 38 | 9, 10, 11, 12, 13, 14, 15, 16 | 17, 18, 19, 20, 21, 22, 23 | 24, 25, 26, 27, 28, 29 | 30, 31, 32, 33, 34 | 39, 40, 41 | 42, 43 | 44

[14] -> 0, 1, 2, 3, 4, 5, 6, 7, 8, 39, 40, 41 | 9, 10, 11, 12, 13, 14, 15, 16 | 17, 18, 19, 20, 21, 22, 23 | 24, 25, 26, 27, 28, 29 | 30, 31, 32, 33, 34 | 35, 36, 37, 38 | 42, 43 | 44

[15] -> 0, 1, 2, 3, 4, 5, 6, 7, 8, 42, 43 | 9, 10, 11, 12, 13, 14, 15, 16 | 17, 18, 19, 20, 21, 22, 23 | 24, 25, 26, 27, 28, 29 | 30, 31, 32, 33, 34 | 35, 36, 37, 38 | 39, 40, 41 | 44

[16] -> 0, 1, 2, 3, 4, 5, 6, 7, 8, 44 | 9, 10, 11, 12, 13, 14, 15, 16 | 17, 18, 19, 20, 21, 22, 23 | 24, 25, 26, 27, 28, 29 | 30, 31, 32, 33, 34 | 35, 36, 37, 38 | 39, 40, 41 | 42, 43

[17] -> 0, 9, 10, 11, 12, 13, 14, 15, 16 | 1, 2, 3, 4, 5, 6, 7, 8 | 17, 18, 19, 20, 21, 22, 23 | 24, 25, 26, 27, 28, 29 | 30, 31, 32, 33, 34 | 35, 36, 37, 38 | 39, 40, 41 | 42, 43 | 44

[18] -> 0, 17, 18, 19, 20, 21, 22, 23 | 1, 2, 3, 4, 5, 6, 7, 8 | 9, 10, 11, 12, 13, 14, 15, 16 | 24, 25, 26, 27, 28, 29 | 30, 31, 32, 33, 34 | 35, 36, 37, 38 | 39, 40, 41 | 42, 43 | 44

[19] -> 0, 24, 25, 26, 27, 28, 29 | 1, 2, 3, 4, 5, 6, 7, 8 | 9, 10, 11, 12, 13, 14, 15, 16 | 17, 18, 19, 20, 21, 22, 23 | 30, 31, 32, 33, 34 | 35, 36, 37, 38 | 39, 40, 41 | 42, 43 | 44

[20] -> 0, 30, 31, 32, 33, 34 | 1, 2, 3, 4, 5, 6, 7, 8 | 9, 10, 11, 12, 13, 14, 15, 16 | 17, 18, 19, 20, 21, 22, 23 | 24, 25, 26, 27, 28, 29 | 35, 36, 37, 38 | 39, 40, 41 | 42, 43 | 44

[21] -> 0, 35, 36, 37, 38 | 1, 2, 3, 4, 5, 6, 7, 8 | 9, 10, 11, 12, 13, 14, 15, 16 | 17, 18, 19, 20, 21, 22, 23 | 24, 25, 26, 27, 28, 29 | 30, 31, 32, 33, 34 | 39, 40, 41 | 42, 43 | 44

[22] -> 0, 39, 40, 41 | 1, 2, 3, 4, 5, 6, 7, 8 | 9, 10, 11, 12, 13, 14, 15, 16 | 17, 18, 19, 20, 21, 22, 23 | 24, 25, 26, 27, 28, 29 | 30, 31, 32, 33, 34 | 35, 36, 37, 38 | 42, 43 | 44

[23] -> 0, 42, 43 | 1, 2, 3, 4, 5, 6, 7, 8 | 9, 10, 11, 12, 13, 14, 15, 16 | 17, 18, 19, 20, 21, 22, 23 | 24, 25, 26, 27, 28, 29 | 30, 31, 32, 33, 34 | 35, 36, 37, 38 | 39, 40, 41 | 44

[24] -> 0, 44 | 1, 2, 3, 4, 5, 6, 7, 8 | 9, 10, 11, 12, 13, 14, 15, 16 | 17, 18, 19, 20, 21, 22, 23 | 24, 25, 26, 27, 28, 29 | 30, 31, 32, 33, 34 | 35, 36, 37, 38 | 39, 40, 41 | 42, 43

[25] -> 0, 1, 2, 3, 4, 5, 6, 7, 8, 9 | 10, 11, 12, 13, 14, 15, 16 | 17, 18, 19, 20, 21, 22, 23 | 24, 25, 26, 27, 28, 29 | 30, 31, 32, 33, 34 | 35, 36, 37, 38 | 39, 40, 41 | 42, 43 | 44

[26] -> 0, 1, 2, 3, 4, 5, 6, 7, 8, 17 | 9, 10, 11, 12, 13, 14, 15, 16 | 18, 19, 20, 21, 22, 23 | 24, 25, 26, 27, 28, 29 | 30, 31, 32, 33, 34 | 35, 36, 37, 38 | 39, 40, 41 | 42, 43 | 44

[27] -> 0, 1, 2, 3, 4, 5, 6, 7, 8, 24 | 9, 10, 11, 12, 13, 14, 15, 16 | 17, 18, 19, 20, 21, 22, 23 | 25, 26, 27, 28, 29 | 30, 31, 32, 33, 34 | 35, 36, 37, 38 | 39, 40, 41 | 42, 43 | 44

[28] -> 0, 1, 2, 3, 4, 5, 6, 7, 8, 30 | 9, 10, 11, 12, 13, 14, 15, 16 | 17, 18, 19, 20, 21, 22, 23 | 24, 25, 26, 27, 28, 29 | 31, 32, 33, 34 | 35, 36, 37, 38 | 39, 40, 41 | 42, 43 | 44

[29] -> 0, 1, 2, 3, 4, 5, 6, 7, 8, 35 | 9, 10, 11, 12, 13, 14, 15, 16 | 17, 18, 19, 20, 21, 22, 23 | 24, 25, 26, 27, 28, 29 | 30, 31, 32, 33, 34 | 36, 37, 38 | 39, 40, 41 | 42, 43 | 44

[30] -> 0, 1, 2, 3, 4, 5, 6, 7, 8, 39 | 9, 10, 11, 12, 13, 14, 15, 16 | 17, 18, 19, 20, 21, 22, 23 | 24, 25, 26, 27, 28, 29 | 30, 31, 32, 33, 34 | 35, 36, 37, 38 | 40, 41 | 42, 43 | 44

[31] -> 0, 1, 2, 3, 4, 5, 6, 7, 8, 42 | 9, 10, 11, 12, 13, 14, 15, 16 | 17, 18, 19, 20, 21, 22, 23 | 24, 25, 26, 27, 28, 29 | 30, 31, 32, 33, 34 | 35, 36, 37, 38 | 39, 40, 41 | 43 | 44

[32] -> 0 | 1, 2, 3, 4, 5, 6, 7, 8, 9, 10, 11, 12, 13, 14, 15, 16 | 17, 18, 19, 20, 21, 22, 23 | 24, 25, 26, 27, 28, 29 | 30, 31, 32, 33, 34 | 35, 36, 37, 38 | 39, 40, 41 | 42, 43 | 44

[33] -> 0 | 1, 2, 3, 4, 5, 6, 7, 8, 17, 18, 19, 20, 21, 22, 23 | 9, 10, 11, 12, 13, 14, 15, 16 | 24, 25, 26, 27, 28, 29 | 30, 31, 32, 33, 34 | 35, 36, 37, 38 | 39, 40, 41 | 42, 43 | 44

[34] -> 0 | 1, 2, 3, 4, 5, 6, 7, 8, 24, 25, 26, 27, 28, 29 | 9, 10, 11, 12, 13, 14, 15, 16 | 17, 18, 19, 20, 21, 22, 23 | 30, 31, 32, 33, 34 | 35, 36, 37, 38 | 39, 40, 41 | 42, 43 | 44

[35] -> 0 | 1, 2, 3, 4, 5, 6, 7, 8, 30, 31, 32, 33, 34 | 9, 10, 11, 12, 13, 14, 15, 16 | 17, 18, 19, 20, 21, 22, 23 | 24, 25, 26, 27, 28, 29 | 35, 36, 37, 38 | 39, 40, 41 | 42, 43 | 44

[36] -> 0 | 1, 2, 3, 4, 5, 6, 7, 8, 35, 36, 37, 38 | 9, 10, 11, 12, 13, 14, 15, 16 | 17, 18, 19, 20, 21, 22, 23 | 24, 25, 26, 27, 28, 29 | 30, 31, 32, 33, 34 | 39, 40, 41 | 42, 43 | 44

[37] -> 0 | 1, 2, 3, 4, 5, 6, 7, 8, 39, 40, 41 | 9, 10, 11, 12, 13, 14, 15, 16 | 17, 18, 19, 20, 21, 22, 23 | 24, 25, 26, 27, 28, 29 | 30, 31, 32, 33, 34 | 35, 36, 37, 38 | 42, 43 | 44

[38] -> 0 | 1, 2, 3, 4, 5, 6, 7, 8, 42, 43 | 9, 10, 11, 12, 13, 14, 15, 16 | 17, 18, 19, 20, 21, 22, 23 | 24, 25, 26, 27, 28, 29 | 30, 31, 32, 33, 34 | 35, 36, 37, 38 | 39, 40, 41 | 44

[39] -> 0 | 1, 2, 3, 4, 5, 6, 7, 8, 44 | 9, 10, 11, 12, 13, 14, 15, 16 | 17, 18, 19, 20, 21, 22, 23 | 24, 25, 26, 27, 28, 29 | 30, 31, 32, 33, 34 | 35, 36, 37, 38 | 39, 40, 41 | 42, 43

(0) -> mat[0][1] *= -1
(1) -> mat[0][9] *= -1
(2) -> mat[9][0] *= -1
(3) -> mat[0][17] *= -1
(4) -> mat[17][0] *= -1
(5) -> mat[0][24] *= -1
(6) -> mat[24][0] *= -1
(7) -> mat[0][30] *= -1
(8) -> mat[30][0] *= -1
(9) -> mat[0][35] *= -1
(10) -> mat[35][0] *= -1
(11) -> mat[0][39] *= -1
(12) -> mat[39][0] *= -1
(13) -> mat[0][42] *= -1
(14) -> mat[42][0] *= -1
(15) -> mat[0][44] *= -1
(16) -> mat[44][0] *= -1
