[0] -> 0, 1, 2, 3, 4, 5, 6, 7 | 8, 9, 10, 11, 12, 13, 14 | 15, 16, 17, 18, 19, 20 | 21, 22, 23, 24, 25 | 26, 27, 28, 29 | 30, 31, 32 | 33, 34 | 35

[1] -> 0 | 1, 2, 3, 4, 5, 6, 7 | 8, 9, 10, 11, 12, 13, 14 | 15, 16, 17, 18, 19, 20 | 21, 22, 23, 24, 25 | 26, 27, 28, 29 | 30, 31, 32 | 33, 34 | 35

[2] -> 0, 1, 2, 3, 4, 5, 6, 7 | 8 | 9, 10, 11, 12, 13, 14 | 15, 16, 17, 18, 19, 20 | 21, 22, 23, 24, 25 | 26, 27, 28, 29 | 30, 31, 32 | 33, 34 | 35

[3] -> 0, 1, 2, 3, 4, 5, 6, 7 | 8, 9, 10, 11, 12, 13, 14 | 15 | 16, 17, 18, 19, 20 | 21, 22, 23, 24, 25 | 26, 27, 28, 29 | 30, 31, 32 | 33, 34 | 35

[4] -> 0, 1, 2, 3, 4, 5, 6, 7 | 8, 9, 10, 11, 12, 13, 14 | 15, 16, 17, 18, 19, 20 | 21 | 22, 23, 24, 25 | 26, 27, 28, 29 | 30, 31, 32 | 33, 34 | 35

[5] -> 0, 1, 2, 3, 4, 5, 6, 7 | 8, 9, 10, 11, 12, 13, 14 | 15, 16, 17, 18, 19, 20 | 21, 22, 23, 24, 25 | 26 | 27, 28, 29 | 30, 31, 32 | 33, 34 | 35

[6] -> 0, 1, 2, 3, 4, 5, 6, 7 | 8, 9, 10, 11, 12, 13, 14 | 15, 16, 17, 18, 19, 20 | 21, 22, 23, 24, 25 | 26, 27, 28, 29 | 30 | 31, 32 | 33, 34 | 35

[7] -> 0, 1, 2, 3, 4, 5, 6, 7 | 8, 9, 10, 11, 12, 13, 14 | 15, 16, 17, 18, 19, 20 | 21, 22, 23, 24, 25 | 26, 27, 28, 29 | 30, 31, 32 | 33 | 34 | 35

[8] -> 0, 1, 2, 3, 4, 5, 6, 7, 8, 9, 10, 11, 12, 13, 14 | 15, 16, 17, 18, 19, 20 | 21, 22, 23, 24, 25 | 26, 27, 28, 29 | 30, 31, 32 | 33, 34 | 35

[9] -> 0, 1, 2, 3, 4, 5, 6, 7, 15, 16, 17, 18, 19, 20 | 8, 9, 10, 11, 12, 13, 14 | 21, 22, 23, 24, 25 | 26, 27, 28, 29 | 30, 31, 32 | 33, 34 | 35

[10] -> 0, 1, 2, 3, 4, 5, 6, 7, 21, 22, 23, 24, 25 | 8, 9, 10, 11, 12, 13, 14 | 15, 16, 17, 18, 19, 20 | 26, 27, 28, 29 | 30, 31, 32 | 33, 34 | 35

[11] -> 0, 1, 2, 3, 4, 5, 6, 7, 26, 27, 28, 29 | 8, 9, 10, 11, 12, 13, 14 | 15, 16, 17, 18, 19, 20 | 21, 22, 23, 24, 25 | 30, 31, 32 | 33, 34 | 35

[12] -> 0, 1, 2, 3, 4, 5, 6, 7, 30, 31, 32 | 8, 9, 10, 11, 12, 13, 14 | 15, 16, 17, 18, 19, 20 | 21, 22, 23, 24, 25 | 26, 27, 28, 29 | 33, 34 | 35

[13] -> 0, 1, 2, 3, 4, 5, 6, 7, 33, 34 | 8, 9, 10, 11, 12, 13, 14 | 15, 16, 17, 18, 19, 20 | 21, 22, 23, 24, 25 | 26, 27, 28, 29 | 30, 31, 32 | 35

[14] -> 0, 1, 2, 3, 4, 5, 6, 7, 35 | 8, 9, 10, 11, 12, 13, 14 | 15, 16, 17, 18, 19, 20 | 21, 22, 23, 24, 25 | 26, 27, 28, 29 | 30, 31, 32 | 33, 34

[15] -> 0, 8, 9, 10, 11, 12, 13, 14 | 1, 2, 3, 4, 5, 6, 7 | 15, 16, 17, 18, 19, 20 | 21, 22, 23, 24, 25 | 26, 27, 28, 29 | 30, 31, 32 | 33, 34 | 35

[16] -> 0, 15, 16, 17, 18, 19, 20 | 1, 2, 3, 4, 5, 6, 7 | 8, 9, 10, 11, 12, 13, 14 | 21, 22, 23, 24, 25 | 26, 27, 28, 29 | 30, 31, 32 | 33, 34 | 35

[17] -> 0, 21, 22, 23, 24, 25 | 1, 2, 3, 4, 5, 6, 7 | 8, 9, 10, 11, 12, 13, 14 | 15, 16, 17, 18, 19, 20 | 26, 27, 28, 29 | 30, 31, 32 | 33, 34 | 35

[18] -> 0, 26, 27, 28, 29 | 1, 2, 3, 4, 5, 6, 7 | 8, 9, 10, 11, 12, 13, 14 | 15, 16, 17, 18, 19, 20 | 21, 22, 23, 24, 25 | 30, 31, 32 | 33, 34 | 35

[19] -> 0, 30, 31, 32 | 1, 2, 3, 4, 5, 6, 7 | 8, 9, 10, 11, 12, 13, 14 | 15, 16, 17, 18, 19, 20 | 21, 22, 23, 24, 25 | 26, 27, 28, 29 | 33, 34 | 35

[20] -> 0, 33, 34 | 1, 2, 3, 4, 5, 6, 7 | 8, 9, 10, 11, 12, 13, 14 | 15, 16, 17, 18, 19, 20 | 21, 22, 23, 24, 25 | 26, 27, 28, 29 | 30, 31, 32 | 35

[21] -> 0, 35 | 1, 2, 3, 4, 5, 6, 7 | 8, 9, 10, 11, 12, 13, 14 | 15, 16, 17, 18, 19, 20 | 21, 22, 23, 24, 25 | 26, 27, 28, 29 | 30, 31, 32 | 33, 34

[22] -> 0, 1, 2, 3, 4, 5, 6, 7, 8 | 9, 10, 11, 12, 13, 14 | 15, 16, 17, 18, 19, 20 | 21, 22, 23, 24, 25 | 26, 27, 28, 29 | 30, 31, 32 | 33, 34 | 35

[23] -> 0, 1, 2, 3, 4, 5, 6, 7, 15 | 8, 9, 10, 11, 12, 13, 14 | 16, 17, 18, 19, 20 | 21, 22, 23, 24, 25 | 26, 27, 28, 29 | 30, 31, 32 | 33, 34 | 35

[24] -> 0, 1, 2, 3, 4, 5, 6, 7, 21 | 8, 9, 10, 11, 12, 13, 14 | 15, 16, 17, 18, 19, 20 | 22, 23, 24, 25 | 26, 27, 28, 29 | 30, 31, 32 | 33, 34 | 35

[25] -> 0, 1, 2, 3, 4, 5, 6, 7, 26 | 8, 9, 10, 11, 12, 13, 14 | 15, 16, 17, 18, 19, 20 | 21, 22, 23, 24, 25 | 27, 28, 29 | 30, 31, 32 | 33, 34 | 35

[26] -> 0, 1, 2, 3, 4, 5, 6, 7, 30 | 8, 9, 10, 11, 12, 13, 14 | 15, 16, 17, 18, 19, 20 | 21, 22, 23, 24, 25 | 26, 27, 28, 29 | 31, 32 | 33, 34 | 35

[27] -> 0, 1, 2, 3, 4, 5, 6, 7, 33 | 8, 9, 10, 11, 12, 13, 14 | 15, 16, 17, 18, 19, 20 | 21, 22, 23, 24, 25 | 26, 27, 28, 29 | 30, 31, 32 | 34 | 35

[28] -> 0 | 1, 2, 3, 4, 5, 6, 7, 8, 9, 10, 11, 12, 13, 14 | 15, 16, 17, 18, 19, 20 | 21, 22, 23, 24, 25 | 26, 27, 28, 29 | 30, 31, 32 | 33, 34 | 35

[29] -> 0 | 1, 2, 3, 4, 5, 6, 7, 15, 16, 17, 18, 19, 20 | 8, 9, 10, 11, 12, 13, 14 | 21, 22, 23, 24, 25 | 26, 27, 28, 29 | 30, 31, 32 | 33, 34 | 35

[30] -> 0 | 1, 2, 3, 4, 5, 6, 7, 21, 22, 23, 24, 25 | 8, 9, 10, 11, 12, 13, 14 | 15, 16, 17, 18, 19, 20 | 26, 27, 28, 29 | 30, 31, 32 | 33, 34 | 35

[31] -> 0 | 1, 2, 3, 4, 5, 6, 7, 26, 27, 28, 29 | 8, 9, 10, 11, 12, 13, 14 | 15, 16, 17, 18, 19, 20 | 21, 22, 23, 24, 25 | 30, 31, 32 | 33, 34 | 35

[32] -> 0 | 1, 2, 3, 4, 5, 6, 7, 30, 31, 32 | 8, 9, 10, 11, 12, 13, 14 | 15, 16, 17, 18, 19, 20 | 21, 22, 23, 24, 25 | 26, 27, 28, 29 | 33, 34 | 35

[33] -> 0 | 1, 2, 3, 4, 5, 6, 7, 33, 34 | 8, 9, 10, 11, 12, 13, 14 | 15, 16, 17, 18, 19, 20 | 21, 22, 23, 24, 25 | 26, 27, 28, 29 | 30, 31, 32 | 35

[34] -> 0 | 1, 2, 3, 4, 5, 6, 7, 35 | 8, 9, 10, 11, 12, 13, 14 | 15, 16, 17, 18, 19, 20 | 21, 22, 23, 24, 25 | 26, 27, 28, 29 | 30, 31, 32 | 33, 34

(0) -> mat[0][1] *= -1
(1) -> mat[0][8] *= -1
(2) -> mat[8][0] *= -1
(3) -> mat[0][15] *= -1
(4) -> mat[15][0] *= -1
(5) -> mat[0][21] *= -1
(6) -> mat[21][0] *= -1
(7) -> mat[0][26] *= -1
(8) -> mat[26][0] *= -1
(9) -> mat[0][30] *= -1
(10) -> mat[30][0] *= -1
(11) -> mat[0][33] *= -1
(12) -> mat[33][0] *= -1
(13) -> mat[0][35] *= -1
(14) -> mat[35][0] *= -1
