[0] -> 0, 1, 2, 3, 4, 5, 6, 7, 8, 9, 10 | 11, 12, 13, 14, 15, 16, 17, 18, 19, 20 | 21, 22, 23, 24, 25, 26, 27, 28, 29 | 30, 31, 32, 33, 34, 35, 36, 37 | 38, 39, 40, 41, 42, 43, 44 | 45, 46, 47, 48, 49, 50 | 51, 52, 53, 54, 55 | 56, 57, 58, 59 | 60, 61, 62 | 63, 64 | 65

[1] -> 0 | 1, 2, 3, 4, 5, 6, 7, 8, 9, 10 | 11, 12, 13, 14, 15, 16, 17, 18, 19, 20 | 21, 22, 23, 24, 25, 26, 27, 28, 29 | 30, 31, 32, 33, 34, 35, 36, 37 | 38, 39, 40, 41, 42, 43, 44 | 45, 46, 47, 48, 49, 50 | 51, 52, 53, 54, 55 | 56, 57, 58, 59 | 60, 61, 62 | 63, 64 | 65

[2] -> 0, 1, 2, 3, 4, 5, 6, 7, 8, 9, 10 | 11 | 12, 13, 14, 15, 16, 17, 18, 19, 20 | 21, 22, 23, 24, 25, 26, 27, 28, 29 | 30, 31, 32, 33, 34, 35, 36, 37 | 38, 39, 40, 41, 42, 43, 44 | 45, 46, 47, 48, 49, 50 | 51, 52, 53, 54, 55 | 56, 57, 58, 59 | 60, 61, 62 | 63, 64 | 65

[3] -> 0, 1, 2, 3, 4, 5, 6, 7, 8, 9, 10 | 11, 12, 13, 14, 15, 16, 17, 18, 19, 20 | 21 | 22, 23, 24, 25, 26, 27, 28, 29 | 30, 31, 32, 33, 34, 35, 36, 37 | 38, 39, 40, 41, 42, 43, 44 | 45, 46, 47, 48, 49, 50 | 51, 52, 53, 54, 55 | 56, 57, 58, 59 | 60, 61, 62 | 63, 64 | 65

[4] -> 0, 1, 2, 3, 4, 5, 6, 7, 8, 9, 10 | 11, 12, 13, 14, 15, 16, 17, 18, 19, 20 | 21, 22, 23, 24, 25, 26, 27, 28, 29 | 30 | 31, 32, 33, 34, 35, 36, 37 | 38, 39, 40, 41, 42, 43, 44 | 45, 46, 47, 48, 49, 50 | 51, 52, 53, 54, 55 | 56, 57, 58, 59 | 60, 61, 62 | 63, 64 | 65

[5] -> 0, 1, 2, 3, 4, 5, 6, 7, 8, 9, 10 | 11, 12, 13, 14, 15, 16, 17, 18, 19, 20 | 21, 22, 23, 24, 25, 26, 27, 28, 29 | 30, 31, 32, 33, 34, 35, 36, 37 | 38 | 39, 40, 41, 42, 43, 44 | 45, 46, 47, 48, 49, 50 | 51, 52, 53, 54, 55 | 56, 57, 58, 59 | 60, 61, 62 | 63, 64 | 65

[6] -> 0, 1, 2, 3, 4, 5, 6, 7, 8, 9, 10 | 11, 12, 13, 14, 15, 16, 17, 18, 19, 20 | 21, 22, 23, 24, 25, 26, 27, 28, 29 | 30, 31, 32, 33, 34, 35, 36, 37 | 38, 39, 40, 41, 42, 43, 44 | 45 | 46, 47, 48, 49, 50 | 51, 52, 53, 54, 55 | 56, 57, 58, 59 | 60, 61, 62 | 63, 64 | 65

[7] -> 0, 1, 2, 3, 4, 5, 6, 7, 8, 9, 10 | 11, 12, 13, 14, 15, 16, 17, 18, 19, 20 | 21, 22, 23, 24, 25, 26, 27, 28, 29 | 30, 31, 32, 33, 34, 35, 36, 37 | 38, 39, 40, 41, 42, 43, 44 | 45, 46, 47, 48, 49, 50 | 51 | 52, 53, 54, 55 | 56, 57, 58, 59 | 60, 61, 62 | 63, 64 | 65

[8] -> 0, 1, 2, 3, 4, 5, 6, 7, 8, 9, 10 | 11, 12, 13, 14, 15, 16, 17, 18, 19, 20 | 21, 22, 23, 24, 25, 26, 27, 28, 29 | 30, 31, 32, 33, 34, 35, 36, 37 | 38, 39, 40, 41, 42, 43, 44 | 45, 46, 47, 48, 49, 50 | 51, 52, 53, 54, 55 | 56 | 57, 58, 59 | 60, 61, 62 | 63, 64 | 65

[9] -> 0, 1, 2, 3, 4, 5, 6, 7, 8, 9, 10 | 11, 12, 13, 14, 15, 16, 17, 18, 19, 20 | 21, 22, 23, 24, 25, 26, 27, 28, 29 | 30, 31, 32, 33, 34, 35, 36, 37 | 38, 39, 40, 41, 42, 43, 44 | 45, 46, 47, 48, 49, 50 | 51, 52, 53, 54, 55 | 56, 57, 58, 59 | 60 | 61, 62 | 63, 64 | 65

[10] -> 0, 1, 2, 3, 4, 5, 6, 7, 8, 9, 10 | 11, 12, 13, 14, 15, 16, 17, 18, 19, 20 | 21, 22, 23, 24, 25, 26, 27, 28, 29 | 30, 31, 32, 33, 34, 35, 36, 37 | 38, 39, 40, 41, 42, 43, 44 | 45, 46, 47, 48, 49, 50 | 51, 52, 53, 54, 55 | 56, 57, 58, 59 | 60, 61, 62 | 63 | 64 | 65

[11] -> 0, 1, 2, 3, 4, 5, 6, 7, 8, 9, 10, 11, 12, 13, 14, 15, 16, 17, 18, 19, 20 | 21, 22, 23, 24, 25, 26, 27, 28, 29 | 30, 31, 32, 33, 34, 35, 36, 37 | 38, 39, 40, 41, 42, 43, 44 | 45, 46, 47, 48, 49, 50 | 51, 52, 53, 54, 55 | 56, 57, 58, 59 | 60, 61, 62 | 63, 64 | 65

[12] -> 0, 1, 2, 3, 4, 5, 6, 7, 8, 9, 10, 21, 22, 23, 24, 25, 26, 27, 28, 29 | 11, 12, 13, 14, 15, 16, 17, 18, 19, 20 | 30, 31, 32, 33, 34, 35, 36, 37 | 38, 39, 40, 41, 42, 43, 44 | 45, 46, 47, 48, 49, 50 | 51, 52, 53, 54, 55 | 56, 57, 58, 59 | 60, 61, 62 | 63, 64 | 65

[13] -> 0, 1, 2, 3, 4, 5, 6, 7, 8, 9, 10, 30, 31, 32, 33, 34, 35, 36, 37 | 11, 12, 13, 14, 15, 16, 17, 18, 19, 20 | 21, 22, 23, 24, 25, 26, 27, 28, 29 | 38, 39, 40, 41, 42, 43, 44 | 45, 46, 47, 48, 49, 50 | 51, 52, 53, 54, 55 | 56, 57, 58, 59 | 60, 61, 62 | 63, 64 | 65

[14] -> 0, 1, 2, 3, 4, 5, 6, 7, 8, 9, 10, 38, 39, 40, 41, 42, 43, 44 | 11, 12, 13, 14, 15, 16, 17, 18, 19, 20 | 21, 22, 23, 24, 25, 26, 27, 28, 29 | 30, 31, 32, 33, 34, 35, 36, 37 | 45, 46, 47, 48, 49, 50 | 51, 52, 53, 54, 55 | 56, 57, 58, 59 | 60, 61, 62 | 63, 64 | 65

[15] -> 0, 1, 2, 3, 4, 5, 6, 7, 8, 9, 10, 45, 46, 47, 48, 49, 50 | 11, 12, 13, 14, 15, 16, 17, 18, 19, 20 | 21, 22, 23, 24, 25, 26, 27, 28, 29 | 30, 31, 32, 33, 34, 35, 36, 37 | 38, 39, 40, 41, 42, 43, 44 | 51, 52, 53, 54, 55 | 56, 57, 58, 59 | 60, 61, 62 | 63, 64 | 65

[16] -> 0, 1, 2, 3, 4, 5, 6, 7, 8, 9, 10, 51, 52, 53, 54, 55 | 11, 12, 13, 14, 15, 16, 17, 18, 19, 20 | 21, 22, 23, 24, 25, 26, 27, 28, 29 | 30, 31, 32, 33, 34, 35, 36, 37 | 38, 39, 40, 41, 42, 43, 44 | 45, 46, 47, 48, 49, 50 | 56, 57, 58, 59 | 60, 61, 62 | 63, 64 | 65

[17] -> 0, 1, 2, 3, 4, 5, 6, 7, 8, 9, 10, 56, 57, 58, 59 | 11, 12, 13, 14, 15, 16, 17, 18, 19, 20 | 21, 22, 23, 24, 25, 26, 27, 28, 29 | 30, 31, 32, 33, 34, 35, 36, 37 | 38, 39, 40, 41, 42, 43, 44 | 45, 46, 47, 48, 49, 50 | 51, 52, 53, 54, 55 | 60, 61, 62 | 63, 64 | 65

[18] -> 0, 1, 2, 3, 4, 5, 6, 7, 8, 9, 10, 60, 61, 62 | 11, 12, 13, 14, 15, 16, 17, 18, 19, 20 | 21, 22, 23, 24, 25, 26, 27, 28, 29 | 30, 31, 32, 33, 34, 35, 36, 37 | 38, 39, 40, 41, 42, 43, 44 | 45, 46, 47, 48, 49, 50 | 51, 52, 53, 54, 55 | 56, 57, 58, 59 | 63, 64 | 65

[19] -> 0, 1, 2, 3, 4, 5, 6, 7, 8, 9, 10, 63, 64 | 11, 12, 13, 14, 15, 16, 17, 18, 19, 20 | 21, 22, 23, 24, 25, 26, 27, 28, 29 | 30, 31, 32, 33, 34, 35, 36, 37 | 38, 39, 40, 41, 42, 43, 44 | 45, 46, 47, 48, 49, 50 | 51, 52, 53, 54, 55 | 56, 57, 58, 59 | 60, 61, 62 | 65

[20] -> 0, 1, 2, 3, 4, 5, 6, 7, 8, 9, 10, 65 | 11, 12, 13, 14, 15, 16, 17, 18, 19, 20 | 21, 22, 23, 24, 25, 26, 27, 28, 29 | 30, 31, 32, 33, 34, 35, 36, 37 | 38, 39, 40, 41, 42, 43, 44 | 45, 46, 47, 48, 49, 50 | 51, 52, 53, 54, 55 | 56, 57, 58, 59 | 60, 61, 62 | 63, 64

[21] -> 0, 11, 12, 13, 14, 15, 16, 17, 18, 19, 20 | 1, 2, 3, 4, 5, 6, 7, 8, 9, 10 | 21, 22, 23, 24, 25, 26, 27, 28, 29 | 30, 31, 32, 33, 34, 35, 36, 37 | 38, 39, 40, 41, 42, 43, 44 | 45, 46, 47, 48, 49, 50 | 51, 52, 53, 54, 55 | 56, 57, 58, 59 | 60, 61, 62 | 63, 64 | 65

[22] -> 0, 21, 22, 23, 24, 25, 26, 27, 28, 29 | 1, 2, 3, 4, 5, 6, 7, 8, 9, 10 | 11, 12, 13, 14, 15, 16, 17, 18, 19, 20 | 30, 31, 32, 33, 34, 35, 36, 37 | 38, 39, 40, 41, 42, 43, 44 | 45, 46, 47, 48, 49, 50 | 51, 52, 53, 54, 55 | 56, 57, 58, 59 | 60, 61, 62 | 63, 64 | 65

[23] -> 0, 30, 31, 32, 33, 34, 35, 36, 37 | 1, 2, 3, 4, 5, 6, 7, 8, 9, 10 | 11, 12, 13, 14, 15, 16, 17, 18, 19, 20 | 21, 22, 23, 24, 25, 26, 27, 28, 29 | 38, 39, 40, 41, 42, 43, 44 | 45, 46, 47, 48, 49, 50 | 51, 52, 53, 54, 55 | 56, 57, 58, 59 | 60, 61, 62 | 63, 64 | 65

[24] -> 0, 38, 39, 40, 41, 42, 43, 44 | 1, 2, 3, 4, 5, 6, 7, 8, 9, 10 | 11, 12, 13, 14, 15, 16, 17, 18, 19, 20 | 21, 22, 23, 24, 25, 26, 27, 28, 29 | 30, 31, 32, 33, 34, 35, 36, 37 | 45, 46, 47, 48, 49, 50 | 51, 52, 53, 54, 55 | 56, 57, 58, 59 | 60, 61, 62 | 63, 64 | 65

[25] -> 0, 45, 46, 47, 48, 49, 50 | 1, 2, 3, 4, 5, 6, 7, 8, 9, 10 | 11, 12, 13, 14, 15, 16, 17, 18, 19, 20 | 21, 22, 23, 24, 25, 26, 27, 28, 29 | 30, 31, 32, 33, 34, 35, 36, 37 | 38, 39, 40, 41, 42, 43, 44 | 51, 52, 53, 54, 55 | 56, 57, 58, 59 | 60, 61, 62 | 63, 64 | 65

[26] -> 0, 51, 52, 53, 54, 55 | 1, 2, 3, 4, 5, 6, 7, 8, 9, 10 | 11, 12, 13, 14, 15, 16, 17, 18, 19, 20 | 21, 22, 23, 24, 25, 26, 27, 28, 29 | 30, 31, 32, 33, 34, 35, 36, 37 | 38, 39, 40, 41, 42, 43, 44 | 45, 46, 47, 48, 49, 50 | 56, 57, 58, 59 | 60, 61, 62 | 63, 64 | 65

[27] -> 0, 56, 57, 58, 59 | 1, 2, 3, 4, 5, 6, 7, 8, 9, 10 | 11, 12, 13, 14, 15, 16, 17, 18, 19, 20 | 21, 22, 23, 24, 25, 26, 27, 28, 29 | 30, 31, 32, 33, 34, 35, 36, 37 | 38, 39, 40, 41, 42, 43, 44 | 45, 46, 47, 48, 49, 50 | 51, 52, 53, 54, 55 | 60, 61, 62 | 63, 64 | 65

[28] -> 0, 60, 61, 62 | 1, 2, 3, 4, 5, 6, 7, 8, 9, 10 | 11, 12, 13, 14, 15, 16, 17, 18, 19, 20 | 21, 22, 23, 24, 25, 26, 27, 28, 29 | 30, 31, 32, 33, 34, 35, 36, 37 | 38, 39, 40, 41, 42, 43, 44 | 45, 46, 47, 48, 49, 50 | 51, 52, 53, 54, 55 | 56, 57, 58, 59 | 63, 64 | 65

[29] -> 0, 63, 64 | 1, 2, 3, 4, 5, 6, 7, 8, 9, 10 | 11, 12, 13, 14, 15, 16, 17, 18, 19, 20 | 21, 22, 23, 24, 25, 26, 27, 28, 29 | 30, 31, 32, 33, 34, 35, 36, 37 | 38, 39, 40, 41, 42, 43, 44 | 45, 46, 47, 48, 49, 50 | 51, 52, 53, 54, 55 | 56, 57, 58, 59 | 60, 61, 62 | 65

[30] -> 0, 65 | 1, 2, 3, 4, 5, 6, 7, 8, 9, 10 | 11, 12, 13, 14, 15, 16, 17, 18, 19, 20 | 21, 22, 23, 24, 25, 26, 27, 28, 29 | 30, 31, 32, 33, 34, 35, 36, 37 | 38, 39, 40, 41, 42, 43, 44 | 45, 46, 47, 48, 49, 50 | 51, 52, 53, 54, 55 | 56, 57, 58, 59 | 60, 61, 62 | 63, 64

[31] -> 0, 1, 2, 3, 4, 5, 6, 7, 8, 9, 10, 11 | 12, 13, 14, 15, 16, 17, 18, 19, 20 | 21, 22, 23, 24, 25, 26, 27, 28, 29 | 30, 31, 32, 33, 34, 35, 36, 37 | 38, 39, 40, 41, 42, 43, 44 | 45, 46, 47, 48, 49, 50 | 51, 52, 53, 54, 55 | 56, 57, 58, 59 | 60, 61, 62 | 63, 64 | 65

[32] -> 0, 1, 2, 3, 4, 5, 6, 7, 8, 9, 10, 21 | 11, 12, 13, 14, 15, 16, 17, 18, 19, 20 | 22, 23, 24, 25, 26, 27, 28, 29 | 30, 31, 32, 33, 34, 35, 36, 37 | 38, 39, 40, 41, 42, 43, 44 | 45, 46, 47, 48, 49, 50 | 51, 52, 53, 54, 55 | 56, 57, 58, 59 | 60, 61, 62 | 63, 64 | 65

[33] -> 0, 1, 2, 3, 4, 5, 6, 7, 8, 9, 10, 30 | 11, 12, 13, 14, 15, 16, 17, 18, 19, 20 | 21, 22, 23, 24, 25, 26, 27, 28, 29 | 31, 32, 33, 34, 35, 36, 37 | 38, 39, 40, 41, 42, 43, 44 | 45, 46, 47, 48, 49, 50 | 51, 52, 53, 54, 55 | 56, 57, 58, 59 | 60, 61, 62 | 63, 64 | 65

[34] -> 0, 1, 2, 3, 4, 5, 6, 7, 8, 9, 10, 38 | 11, 12, 13, 14, 15, 16, 17, 18, 19, 20 | 21, 22, 23, 24, 25, 26, 27, 28, 29 | 30, 31, 32, 33, 34, 35, 36, 37 | 39, 40, 41, 42, 43, 44 | 45, 46, 47, 48, 49, 50 | 51, 52, 53, 54, 55 | 56, 57, 58, 59 | 60, 61, 62 | 63, 64 | 65

[35] -> 0, 1, 2, 3, 4, 5, 6, 7, 8, 9, 10, 45 | 11, 12, 13, 14, 15, 16, 17, 18, 19, 20 | 21, 22, 23, 24, 25, 26, 27, 28, 29 | 30, 31, 32, 33, 34, 35, 36, 37 | 38, 39, 40, 41, 42, 43, 44 | 46, 47, 48, 49, 50 | 51, 52, 53, 54, 55 | 56, 57, 58, 59 | 60, 61, 62 | 63, 64 | 65

[36] -> 0, 1, 2, 3, 4, 5, 6, 7, 8, 9, 10, 51 | 11, 12, 13, 14, 15, 16, 17, 18, 19, 20 | 21, 22, 23, 24, 25, 26, 27, 28, 29 | 30, 31, 32, 33, 34, 35, 36, 37 | 38, 39, 40, 41, 42, 43, 44 | 45, 46, 47, 48, 49, 50 | 52, 53, 54, 55 | 56, 57, 58, 59 | 60, 61, 62 | 63, 64 | 65

[37] -> 0, 1, 2, 3, 4, 5, 6, 7, 8, 9, 10, 56 | 11, 12, 13, 14, 15, 16, 17, 18, 19, 20 | 21, 22, 23, 24, 25, 26, 27, 28, 29 | 30, 31, 32, 33, 34, 35, 36, 37 | 38, 39, 40, 41, 42, 43, 44 | 45, 46, 47, 48, 49, 50 | 51, 52, 53, 54, 55 | 57, 58, 59 | 60, 61, 62 | 63, 64 | 65

[38] -> 0, 1, 2, 3, 4, 5, 6, 7, 8, 9, 10, 60 | 11, 12, 13, 14, 15, 16, 17, 18, 19, 20 | 21, 22, 23, 24, 25, 26, 27, 28, 29 | 30, 31, 32, 33, 34, 35, 36, 37 | 38, 39, 40, 41, 42, 43, 44 | 45, 46, 47, 48, 49, 50 | 51, 52, 53, 54, 55 | 56, 57, 58, 59 | 61, 62 | 63, 64 | 65

[39] -> 0, 1, 2, 3, 4, 5, 6, 7, 8, 9, 10, 63 | 11, 12, 13, 14, 15, 16, 17, 18, 19, 20 | 21, 22, 23, 24, 25, 26, 27, 28, 29 | 30, 31, 32, 33, 34, 35, 36, 37 | 38, 39, 40, 41, 42, 43, 44 | 45, 46, 47, 48, 49, 50 | 51, 52, 53, 54, 55 | 56, 57, 58, 59 | 60, 61, 62 | 64 | 65

[40] -> 0 | 1, 2, 3, 4, 5, 6, 7, 8, 9, 10, 11, 12, 13, 14, 15, 16, 17, 18, 19, 20 | 21, 22, 23, 24, 25, 26, 27, 28, 29 | 30, 31, 32, 33, 34, 35, 36, 37 | 38, 39, 40, 41, 42, 43, 44 | 45, 46, 47, 48, 49, 50 | 51, 52, 53, 54, 55 | 56, 57, 58, 59 | 60, 61, 62 | 63, 64 | 65

[41] -> 0 | 1, 2, 3, 4, 5, 6, 7, 8, 9, 10, 21, 22, 23, 24, 25, 26, 27, 28, 29 | 11, 12, 13, 14, 15, 16, 17, 18, 19, 20 | 30, 31, 32, 33, 34, 35, 36, 37 | 38, 39, 40, 41, 42, 43, 44 | 45, 46, 47, 48, 49, 50 | 51, 52, 53, 54, 55 | 56, 57, 58, 59 | 60, 61, 62 | 63, 64 | 65

[42] -> 0 | 1, 2, 3, 4, 5, 6, 7, 8, 9, 10, 30, 31, 32, 33, 34, 35, 36, 37 | 11, 12, 13, 14, 15, 16, 17, 18, 19, 20 | 21, 22, 23, 24, 25, 26, 27, 28, 29 | 38, 39, 40, 41, 42, 43, 44 | 45, 46, 47, 48, 49, 50 | 51, 52, 53, 54, 55 | 56, 57, 58, 59 | 60, 61, 62 | 63, 64 | 65

[43] -> 0 | 1, 2, 3, 4, 5, 6, 7, 8, 9, 10, 38, 39, 40, 41, 42, 43, 44 | 11, 12, 13, 14, 15, 16, 17, 18, 19, 20 | 21, 22, 23, 24, 25, 26, 27, 28, 29 | 30, 31, 32, 33, 34, 35, 36, 37 | 45, 46, 47, 48, 49, 50 | 51, 52, 53, 54, 55 | 56, 57, 58, 59 | 60, 61, 62 | 63, 64 | 65

[44] -> 0 | 1, 2, 3, 4, 5, 6, 7, 8, 9, 10, 45, 46, 47, 48, 49, 50 | 11, 12, 13, 14, 15, 16, 17, 18, 19, 20 | 21, 22, 23, 24, 25, 26, 27, 28, 29 | 30, 31, 32, 33, 34, 35, 36, 37 | 38, 39, 40, 41, 42, 43, 44 | 51, 52, 53, 54, 55 | 56, 57, 58, 59 | 60, 61, 62 | 63, 64 | 65

[45] -> 0 | 1, 2, 3, 4, 5, 6, 7, 8, 9, 10, 51, 52, 53, 54, 55 | 11, 12, 13, 14, 15, 16, 17, 18, 19, 20 | 21, 22, 23, 24, 25, 26, 27, 28, 29 | 30, 31, 32, 33, 34, 35, 36, 37 | 38, 39, 40, 41, 42, 43, 44 | 45, 46, 47, 48, 49, 50 | 56, 57, 58, 59 | 60, 61, 62 | 63, 64 | 65

[46] -> 0 | 1, 2, 3, 4, 5, 6, 7, 8, 9, 10, 56, 57, 58, 59 | 11, 12, 13, 14, 15, 16, 17, 18, 19, 20 | 21, 22, 23, 24, 25, 26, 27, 28, 29 | 30, 31, 32, 33, 34, 35, 36, 37 | 38, 39, 40, 41, 42, 43, 44 | 45, 46, 47, 48, 49, 50 | 51, 52, 53, 54, 55 | 60, 61, 62 | 63, 64 | 65

[47] -> 0 | 1, 2, 3, 4, 5, 6, 7, 8, 9, 10, 60, 61, 62 | 11, 12, 13, 14, 15, 16, 17, 18, 19, 20 | 21, 22, 23, 24, 25, 26, 27, 28, 29 | 30, 31, 32, 33, 34, 35, 36, 37 | 38, 39, 40, 41, 42, 43, 44 | 45, 46, 47, 48, 49, 50 | 51, 52, 53, 54, 55 | 56, 57, 58, 59 | 63, 64 | 65

[48] -> 0 | 1, 2, 3, 4, 5, 6, 7, 8, 9, 10, 63, 64 | 11, 12, 13, 14, 15, 16, 17, 18, 19, 20 | 21, 22, 23, 24, 25, 26, 27, 28, 29 | 30, 31, 32, 33, 34, 35, 36, 37 | 38, 39, 40, 41, 42, 43, 44 | 45, 46, 47, 48, 49, 50 | 51, 52, 53, 54, 55 | 56, 57, 58, 59 | 60, 61, 62 | 65

[49] -> 0 | 1, 2, 3, 4, 5, 6, 7, 8, 9, 10, 65 | 11, 12, 13, 14, 15, 16, 17, 18, 19, 20 | 21, 22, 23, 24, 25, 26, 27, 28, 29 | 30, 31, 32, 33, 34, 35, 36, 37 | 38, 39, 40, 41, 42, 43, 44 | 45, 46, 47, 48, 49, 50 | 51, 52, 53, 54, 55 | 56, 57, 58, 59 | 60, 61, 62 | 63, 64

(0) -> mat[0][1] *= -1
(1) -> mat[0][11] *= -1
(2) -> mat[11][0] *= -1
(3) -> mat[0][21] *= -1
(4) -> mat[21][0] *= -1
(5) -> mat[0][30] *= -1
(6) -> mat[30][0] *= -1
(7) -> mat[0][38] *= -1
(8) -> mat[38][0] *= -1
(9) -> mat[0][45] *= -1
(10) -> mat[45][0] *= -1
(11) -> mat[0][51] *= -1
(12) -> mat[51][0] *= -1
(13) -> mat[0][56] *= -1
(14) -> mat[56][0] *= -1
(15) -> mat[0][60] *= -1
(16) -> mat[60][0] *= -1
(17) -> mat[0][63] *= -1
(18) -> mat[63][0] *= -1
(19) -> mat[0][65] *= -1
(20) -> mat[65][0] *= -1
