2.000000 1.000000 0.066658 0.000060
3.000000 2.000000 0.057786 0.000060
2.000000 3.000000 0.054282 0.000048
3.000000 1.000000 0.053426 0.000047
4.000000 3.000000 0.029412 0.000038
3.000000 4.000000 0.039448 0.000047
4.000000 2.000000 0.030528 0.000036
2.000000 4.000000 0.037299 0.000039
4.000000 1.000000 0.026457 0.000033
5.000000 4.000000 0.011074 0.000022
4.000000 5.000000 0.019372 0.000032
5.000000 3.000000 0.012115 0.000022
3.000000 5.000000 0.028685 0.000047
5.000000 2.000000 0.011540 0.000022
2.000000 5.000000 0.024582 0.000042
5.000000 1.000000 0.009203 0.000017
6.000000 5.000000 0.003439 0.000013
5.000000 6.000000 0.007217 0.000018
6.000000 4.000000 0.003876 0.000011
4.000000 6.000000 0.014608 0.000019
6.000000 3.000000 0.003953 0.000009
3.000000 6.000000 0.020646 0.000033
6.000000 2.000000 0.003411 0.000010
2.000000 6.000000 0.016689 0.000028
6.000000 1.000000 0.002473 0.000009
