2.000000 1.000000 0.090862 0.000054
3.000000 2.000000 0.144028 0.000055
2.000000 3.000000 0.154241 0.000085
3.000000 1.000000 0.117806 0.000051
4.000000 3.000000 0.145515 0.000094
3.000000 4.000000 0.157076 0.000046
4.000000 2.000000 0.139533 0.000073
2.000000 4.000000 0.161467 0.000069
4.000000 1.000000 0.123202 0.000083
5.000000 4.000000 0.136575 0.000070
4.000000 5.000000 0.147744 0.000082
5.000000 3.000000 0.135218 0.000066
3.000000 5.000000 0.157669 0.000063
5.000000 2.000000 0.131112 0.000062
2.000000 5.000000 0.164260 0.000058
5.000000 1.000000 0.120248 0.000065
6.000000 5.000000 0.125832 0.000049
5.000000 6.000000 0.135876 0.000066
6.000000 4.000000 0.125797 0.000070
4.000000 6.000000 0.146897 0.000057
6.000000 3.000000 0.124854 0.000081
3.000000 6.000000 0.157262 0.000075
6.000000 2.000000 0.121874 0.000068
2.000000 6.000000 0.164697 0.000058
6.000000 1.000000 0.114011 0.000085
7.000000 6.000000 0.115367 0.000070
6.000000 7.000000 0.124408 0.000078
7.000000 5.000000 0.115698 0.000057
5.000000 7.000000 0.134640 0.000072
7.000000 4.000000 0.115696 0.000056
4.000000 7.000000 0.145583 0.000112
7.000000 3.000000 0.114812 0.000095
3.000000 7.000000 0.155851 0.000076
7.000000 2.000000 0.112689 0.000072
2.000000 7.000000 0.163849 0.000094
7.000000 1.000000 0.106986 0.000061
