2.000000 1.000000 0.220533 0.000093
1.000000 2.000000 0.538395 0.000104
3.000000 2.000000 0.174769 0.000076
2.000000 3.000000 0.306956 0.000102
3.000000 1.000000 0.175165 0.000037
1.000000 3.000000 0.630017 0.000083
4.000000 3.000000 0.161627 0.000080
3.000000 4.000000 0.245886 0.000076
4.000000 2.000000 0.151323 0.000060
2.000000 4.000000 0.380546 0.000149
4.000000 1.000000 0.160792 0.000099
1.000000 4.000000 0.716457 0.000104
5.000000 4.000000 0.155475 0.000060
4.000000 5.000000 0.221434 0.000067
5.000000 3.000000 0.141331 0.000083
3.000000 5.000000 0.298192 0.000101
5.000000 2.000000 0.138460 0.000082
2.000000 5.000000 0.452371 0.000089
5.000000 1.000000 0.148266 0.000069
1.000000 5.000000 0.778153 0.000094
6.000000 5.000000 0.151526 0.000076
5.000000 6.000000 0.208195 0.000091
6.000000 4.000000 0.135662 0.000064
4.000000 6.000000 0.261616 0.000107
6.000000 3.000000 0.127407 0.000082
3.000000 6.000000 0.352045 0.000103
6.000000 2.000000 0.127149 0.000075
2.000000 6.000000 0.514402 0.000097
6.000000 1.000000 0.133992 0.000061
1.000000 6.000000 0.819386 0.000084
