2.000000 1.000000 0.105138 0.000074
3.000000 2.000000 0.079573 0.000047
2.000000 3.000000 0.132088 0.000092
3.000000 1.000000 0.062444 0.000057
4.000000 3.000000 0.063959 0.000046
3.000000 4.000000 0.139678 0.000051
4.000000 2.000000 0.041030 0.000052
2.000000 4.000000 0.148647 0.000092
4.000000 1.000000 0.027809 0.000027
5.000000 4.000000 0.051447 0.000028
4.000000 5.000000 0.124598 0.000072
5.000000 3.000000 0.030962 0.000036
3.000000 5.000000 0.165059 0.000081
5.000000 2.000000 0.017388 0.000028
2.000000 5.000000 0.156004 0.000059
5.000000 1.000000 0.010043 0.000018
6.000000 5.000000 0.041024 0.000044
5.000000 6.000000 0.105782 0.000076
6.000000 4.000000 0.023977 0.000037
4.000000 6.000000 0.151983 0.000075
6.000000 3.000000 0.012624 0.000031
3.000000 6.000000 0.181470 0.000077
6.000000 2.000000 0.006150 0.000013
2.000000 6.000000 0.155390 0.000079
6.000000 1.000000 0.002994 0.000013
