2.000000 1.000000 0.270361 0.000097
3.000000 2.000000 0.122981 0.000075
2.000000 3.000000 0.158172 0.000058
3.000000 1.000000 0.159305 0.000081
4.000000 3.000000 0.067818 0.000044
3.000000 4.000000 0.088573 0.000061
4.000000 2.000000 0.079187 0.000047
2.000000 4.000000 0.132164 0.000075
4.000000 1.000000 0.099523 0.000074
5.000000 4.000000 0.041633 0.000043
4.000000 5.000000 0.054635 0.000056
5.000000 3.000000 0.045923 0.000042
3.000000 5.000000 0.078506 0.000053
5.000000 2.000000 0.052664 0.000038
2.000000 5.000000 0.113874 0.000049
5.000000 1.000000 0.065146 0.000062
6.000000 5.000000 0.027295 0.000039
5.000000 6.000000 0.035880 0.000038
6.000000 4.000000 0.029101 0.000047
4.000000 6.000000 0.050171 0.000053
6.000000 3.000000 0.031776 0.000036
3.000000 6.000000 0.070654 0.000050
6.000000 2.000000 0.035908 0.000024
2.000000 6.000000 0.100251 0.000064
6.000000 1.000000 0.044061 0.000042
